# Simulationssdaten fuer die Doppelringe mit R1 = 9.8 mm, w1 = 1.5 mm
# R2 = 5.1 mm, w2 = 0.5 mm auf 2 mm dickem FR4, epsFR4 = 4.4*(1+0.015*i)
# erste Spalte: Frequenz [GHz], zweite Spalte: 1-abs(S11)**2

1.000000000000000000e+00 1.129174485499995217e-02
1.010011123470522909e+00 1.248417051000005884e-02
1.020022246941046040e+00 1.312741987499999041e-02
1.030033370411568061e+00 1.317935105899981085e-02
1.040044493882090970e+00 1.262839451499997434e-02
1.050055617352614101e+00 1.150025927599984676e-02
1.060066740823137010e+00 9.849326750000164665e-03
1.070077864293660141e+00 7.761622259000122703e-03
1.080088987764182162e+00 5.343184054999894350e-03
1.090100111234705071e+00 2.729563687000058358e-03
1.100111234705227981e+00 5.951594799991077878e-05
1.110122358175750890e+00 -2.519039457999694420e-03
1.120133481646274021e+00 -4.858300045000207845e-03
1.130144605116796042e+00 -6.823949881000102025e-03
1.140155728587318951e+00 -8.298003157000355401e-03
1.150166852057842082e+00 -9.190361898000043439e-03
1.160177975528364991e+00 -9.436200624999946385e-03
1.170189098998888122e+00 -9.010508033999942157e-03
1.180200222469409921e+00 -7.917874601999885797e-03
1.190211345939933052e+00 -6.201544553999793763e-03
1.200222469410455961e+00 -3.943798629000072609e-03
1.210233592880979092e+00 -1.250546082000036918e-03
1.220244716351502001e+00 1.742019132000005577e-03
1.230255839822024022e+00 4.883286219000138040e-03
1.240266963292546931e+00 8.008402104000111876e-03
1.250278086763070062e+00 1.095264860700018161e-02
1.260289210233592971e+00 1.355874532299983226e-02
1.270300333704116102e+00 1.568570667199975510e-02
1.280311457174639012e+00 1.721324241600008520e-02
1.290322580645160810e+00 1.805777357500015778e-02
1.300333704115683942e+00 1.816632006200014082e-02
1.310344827586206851e+00 1.752860359100005816e-02
1.320355951056729982e+00 1.617106383499988809e-02
1.330367074527252003e+00 1.416400873500001101e-02
1.340378197997775134e+00 1.161165409400000126e-02
1.350389321468298043e+00 8.650369550000092111e-03
1.360400444938821174e+00 5.442275669999996346e-03
1.370411568409343861e+00 2.164916741999811656e-03
1.380422691879866992e+00 -9.967355699997959562e-04
1.390433815350389013e+00 -3.862119225999993688e-03
1.400444938820911922e+00 -6.260034104999867566e-03
1.410456062291435053e+00 -8.044664449000205053e-03
1.420467185761957962e+00 -9.099842364999721767e-03
1.430478309232481093e+00 -9.344987600999887789e-03
1.440489432703002892e+00 -8.742109828000277361e-03
1.450500556173526023e+00 -7.300234097000091182e-03
1.460511679644048932e+00 -5.070556905000245251e-03
1.470522803114572064e+00 -2.150603907999704134e-03
1.480533926585094084e+00 1.322480903000022856e-03
1.490545050055616993e+00 5.186003882999834502e-03
1.500556173526139903e+00 9.246371948000153829e-03
1.510567296996663034e+00 1.329731323499983020e-02
1.520578420467185943e+00 1.713402867800017937e-02
1.530589543937707964e+00 2.055738067499979227e-02
1.540600667408231095e+00 2.338199621899994529e-02
1.550611790878754004e+00 2.546135076799993513e-02
1.560622914349276913e+00 2.668018011799999645e-02
1.570634037819799822e+00 2.696872880700007524e-02
1.580645161290322953e+00 2.630843660700010744e-02
1.590656284760844974e+00 2.473408759999995432e-02
1.600667408231368105e+00 2.232395049899993378e-02
1.610678531701891014e+00 1.920816115099988064e-02
1.620689655172414145e+00 1.556256974999992160e-02
1.630700778642937054e+00 1.159025016000014841e-02
1.640711902113459075e+00 7.515644138999855173e-03
1.650723025583981984e+00 3.581014907999890973e-03
1.660734149054505115e+00 1.941799500004837142e-05
1.670745272525028025e+00 -2.943101056000152482e-03
1.680756395995551156e+00 -5.109316749000170077e-03
1.690767519466074065e+00 -6.323323740999864384e-03
1.700778642936595864e+00 -6.471247377999755912e-03
1.710789766407118995e+00 -5.495129005000043421e-03
1.720800889877641904e+00 -3.392399040999860560e-03
1.730812013348165035e+00 -2.231850000000701328e-04
1.740823136818687056e+00 3.893896782000028089e-03
1.750834260289210187e+00 8.791875494000067626e-03
1.760845383759732874e+00 1.425716803499998964e-02
1.770856507230256005e+00 2.003741437499995115e-02
1.780867630700778026e+00 2.586505078699996574e-02
1.790878754171300935e+00 3.145788872599986075e-02
1.800889877641824066e+00 3.654806823500000856e-02
1.810901001112346975e+00 4.088078239500014810e-02
1.820912124582870106e+00 4.424336499500014508e-02
1.830923248053392793e+00 4.646609175600002750e-02
1.840934371523915036e+00 4.744422621999977441e-02
1.850945494994437945e+00 4.713284235499992647e-02
1.860956618464961076e+00 4.556066069399999918e-02
1.870967741935483986e+00 4.282633078300002172e-02
1.880978865406007117e+00 3.909862208699987907e-02
1.890989988876528916e+00 3.460695260600010759e-02
1.901001112347052047e+00 2.963060671800021861e-02
1.911012235817574956e+00 2.449272711500016797e-02
1.921023359288098087e+00 1.953230006999995272e-02
1.931034482758620996e+00 1.510228336599994670e-02
1.941045606229142795e+00 1.153694882700007085e-02
1.951056729699665926e+00 9.144675975000127188e-03
1.961067853170188835e+00 8.184402480000074753e-03
1.971078976640711966e+00 8.855817250999931112e-03
1.981090100111234875e+00 1.128419244000011812e-02
1.991101223581758006e+00 1.550907793100020360e-02
2.001112347052279805e+00 2.148634027499995991e-02
2.011123470522802936e+00 2.907744110200005672e-02
2.021134593993326067e+00 3.806842967900025965e-02
2.031145717463849198e+00 4.816094803799986224e-02
2.041156840934370997e+00 5.900436441499989915e-02
2.051167964404894128e+00 7.019559937200003930e-02
2.061179087875416815e+00 8.131025899999999584e-02
2.071190211345939947e+00 9.192028450999989442e-02
2.081201334816463078e+00 1.016213364390000651e-01
2.091212458286984877e+00 1.100553111590001354e-01
2.101223581757508008e+00 1.169277674309997517e-01
2.111234705228031139e+00 1.220398612790000170e-01
2.121245828698553826e+00 1.252922115149999183e-01
2.131256952169076957e+00 1.267140756300001447e-01
2.141268075639600088e+00 1.264507541399999546e-01
2.151279199110122331e+00 1.247896316280000528e-01
2.161290322580645018e+00 1.221347998550000868e-01
2.171301446051168149e+00 1.190100860600000754e-01
2.181312569521689948e+00 1.160400004280001118e-01
2.191323692992212635e+00 1.139248941030001072e-01
2.201334816462736210e+00 1.134158623639998087e-01
2.211345939933258897e+00 1.152909783500001284e-01
2.221357063403782028e+00 1.203112416510000449e-01
2.231368186874304715e+00 1.291914532139999405e-01
2.241379310344828291e+00 1.425734116789998396e-01
2.251390433815350978e+00 1.609763328350000133e-01
2.261401557285872777e+00 1.847837915510002205e-01
2.271412680756395908e+00 2.142076975020001939e-01
2.281423804226919039e+00 2.492706110059997870e-01
2.291434927697442170e+00 2.897949841079998645e-01
2.301446051167963969e+00 3.353995739360000616e-01
2.311457174638486656e+00 3.854960439349999213e-01
2.321468298109010231e+00 4.392991535279998638e-01
2.331479421579532918e+00 4.958543383310000108e-01
2.341490545050056049e+00 5.540568442380000569e-01
2.351501668520577848e+00 6.126820816440000650e-01
2.361512791991100979e+00 6.704321950949999609e-01
2.371523915461624110e+00 7.259725534870000718e-01
2.381535038932147241e+00 7.779750829660000422e-01
2.391546162402669040e+00 8.251655950080000190e-01
2.401557285873191727e+00 8.663673432799999796e-01
2.411568409343715302e+00 9.005382206640000220e-01
2.421579532814237989e+00 9.268097192940000228e-01
2.431590656284759788e+00 9.445148916590000443e-01
2.441601779755282919e+00 9.532105230390000017e-01
2.451612903225806051e+00 9.526946059640000186e-01
2.461624026696329182e+00 9.430087960699999883e-01
2.471635150166851869e+00 9.244395350780000298e-01
2.481646273637375000e+00 8.975058143749999884e-01
2.491657397107898131e+00 8.629420597549999350e-01
2.501668520578421262e+00 8.216691854869999645e-01
2.511679644048943061e+00 7.747675254629999841e-01
2.521690767519465748e+00 7.234361335500000267e-01
2.531701890989988879e+00 6.689529450060001103e-01
2.541713014460511122e+00 6.126334932779999853e-01
2.551724137931034253e+00 5.557842885789999743e-01
2.561735261401556940e+00 4.996642201100000014e-01
2.571746384872080071e+00 4.454435348549998785e-01
2.581757508342603202e+00 3.941657338460000659e-01
2.591768631813125889e+00 3.467182872600002019e-01
2.601779755283648132e+00 3.038126220750000384e-01
2.611790878754170819e+00 2.659648938840000199e-01
2.621802002224693950e+00 2.334898903999998998e-01
2.631813125695217082e+00 2.064939976630000285e-01
2.641824249165740213e+00 1.848938448110001298e-01
2.651835372636262012e+00 1.684245890550000180e-01
2.661846496106784699e+00 1.566565788300001705e-01
2.671857619577308274e+00 1.490364600379998627e-01
2.681868743047830961e+00 1.449068782700000391e-01
2.691879866518353204e+00 1.435419734719998175e-01
2.701890989988875891e+00 1.441824121260000258e-01
2.711902113459399022e+00 1.460732145180001496e-01
2.721913236929922153e+00 1.484894886270000658e-01
2.731924360400444840e+00 1.507688248880001414e-01
2.741935483870967971e+00 1.523396668220001748e-01
2.751946607341491102e+00 1.527308182349997878e-01
2.761957730812013345e+00 1.515969727750001717e-01
2.771968854282536032e+00 1.487178633080000756e-01
2.781979977753058719e+00 1.440010147069997748e-01
2.791991101223580962e+00 1.374801507899998665e-01
2.802002224694104093e+00 1.293052684110000961e-01
2.812013348164627224e+00 1.197195611550001537e-01
2.822024471635149911e+00 1.090540572870001279e-01
2.832035595105673043e+00 9.768964022999981900e-02
2.842046718576196174e+00 8.604667178999991783e-02
2.852057842046718861e+00 7.455957663000012392e-02
2.862068965517241104e+00 6.363978821600013713e-02
2.872080088987763791e+00 5.367434631500000997e-02
2.882091212458286922e+00 4.499095467500002776e-02
2.892102335928810053e+00 3.784816523799994226e-02
2.902113459399333184e+00 3.242832599000000648e-02
2.912124582869854983e+00 2.881739630000024199e-02
2.922135706340377670e+00 2.701955681199985637e-02
2.932146829810901245e+00 2.695136353199989454e-02
2.942157953281423932e+00 2.844432091899995463e-02
2.952169076751946175e+00 3.126625946999994632e-02
2.962180200222468862e+00 3.512587438699998899e-02
2.972191323692991993e+00 3.969248661600000005e-02
2.982202447163515124e+00 4.461985182200001177e-02
2.992213570634037811e+00 4.955194554800002038e-02
3.002224694104560054e+00 5.415186493400003798e-02
3.012235817575082741e+00 5.811076837500006587e-02
3.022246941045606317e+00 6.117081119600009664e-02
3.032258064516129004e+00 6.312790579200000529e-02
3.042269187986650802e+00 6.384607152000021379e-02
3.052280311457173934e+00 6.326217675799983287e-02
3.062291434927697065e+00 6.138343345199981371e-02
3.072302558398220196e+00 5.828873174999993356e-02
3.082313681868742883e+00 5.412091285500009175e-02
3.092324805339266014e+00 4.907540321099990166e-02
3.102335928809789145e+00 4.339606150200003842e-02
3.112347052280312276e+00 3.734788892700002805e-02
3.122358175750834075e+00 3.121805578800007641e-02
3.132369299221356762e+00 2.529010854000024455e-02
3.142380422691880337e+00 1.982820086999992348e-02
3.152391546162403024e+00 1.507543333100014316e-02
3.162402669632926155e+00 1.122745067900010607e-02
3.172413793103447954e+00 8.430774334999835418e-03
3.182424916573970641e+00 6.776829419999796933e-03
3.192436040044494217e+00 6.295261637999871596e-03
3.202447163515016904e+00 6.952852087999894515e-03
3.212458286985539146e+00 8.662258283999801911e-03
3.222469410456061834e+00 1.128083846999983209e-02
3.232480533926585409e+00 1.462568269499997520e-02
3.242491657397108096e+00 1.847582825500004855e-02
3.252502780867629895e+00 2.259095000000010955e-02
3.262513904338153026e+00 2.672277771499997900e-02
3.272525027808675713e+00 3.062997059099992203e-02
3.282536151279199288e+00 3.408084949500000960e-02
3.292547274749721975e+00 3.688246206300005436e-02
3.302558398220243774e+00 3.887336160599996759e-02
3.312569521690766905e+00 3.993998855500013878e-02
3.322580645161290036e+00 4.002150584800001631e-02
3.332591768631813167e+00 3.910909444799992585e-02
3.342602892102335854e+00 3.725074045500009756e-02
3.352614015572857653e+00 3.453864540300022323e-02
3.362625139043381228e+00 3.111529913400012948e-02
3.372636262513903915e+00 2.715346337500013085e-02
3.382647385984427046e+00 2.285837458700001878e-02
3.392658509454949733e+00 1.844539482299989430e-02
3.402669632925473309e+00 1.413569681899995434e-02
3.412680756395995108e+00 1.014356932300020109e-02
3.422691879866518239e+00 6.659748031999868090e-03
3.432703003337040926e+00 3.853374338999793203e-03
3.442714126807563613e+00 1.846184291000030342e-03
3.452725250278087188e+00 7.260807469999797092e-04
3.462736373748609875e+00 5.282783749999131473e-04
3.472747497219132118e+00 1.236788759999885023e-03
3.482758620689654805e+00 2.794557582999956935e-03
3.492769744160178380e+00 5.096787075000053235e-03
3.502780867630701067e+00 7.998457149999915750e-03
3.512791991101222866e+00 1.132946314300009583e-02
3.522803114571745997e+00 1.489599246299999624e-02
3.532814238042269128e+00 1.849697587000009857e-02
3.542825361512792259e+00 2.192660473200003235e-02
3.552836484983314946e+00 2.499709956600004723e-02
3.562847608453836745e+00 2.753551240800000688e-02
3.572858731924359876e+00 2.940633986999996452e-02
3.582869855394883007e+00 3.050629145100014483e-02
3.592880978865406139e+00 3.077536123499990950e-02
3.602892102335927937e+00 3.019811130200000804e-02
3.612903225806450624e+00 2.880635579999979434e-02
3.622914349276974200e+00 2.667325711799983790e-02
3.632925472747496887e+00 2.391402507499984509e-02
3.642936596218020018e+00 2.067307326199985251e-02
3.652947719688542705e+00 1.711974677499994435e-02
3.662958843159064948e+00 1.344396396599989441e-02
3.672969966629588079e+00 9.835101500000109631e-03
3.682981090100111210e+00 6.478437514999879632e-03
3.692992213570633897e+00 3.550285310000012018e-03
3.703003337041156584e+00 1.196182694000125224e-03
3.713014460511680159e+00 -4.654576689997469430e-04
3.723025583982201958e+00 -1.356620273000208599e-03
3.733036707452725089e+00 -1.438966009000175461e-03
3.743047830923247776e+00 -7.148276799999742082e-04
3.753058954393771351e+00 7.630518780000761225e-04
3.763070077864294039e+00 2.909633468000105694e-03
3.773081201334815837e+00 5.602660571000006584e-03
3.783092324805338968e+00 8.689015294999880012e-03
3.793103448275862100e+00 1.199684086200025757e-02
3.803114571746385231e+00 1.534560022999997830e-02
3.813125695216907918e+00 1.855107346800011214e-02
3.823136818687429717e+00 2.143974143000004773e-02
3.833147942157952848e+00 2.385275535900022170e-02
3.843159065628475979e+00 2.566464973399995575e-02
3.853170189098999110e+00 2.677129210700002204e-02
3.863181312569520909e+00 2.711831298300027004e-02
3.873192436040044040e+00 2.668516871499981846e-02
3.883203559510567171e+00 2.549787334999986665e-02
3.893214682981089858e+00 2.361986763200007999e-02
3.903225806451612101e+00 2.115354217499998413e-02
3.913236929922134788e+00 1.822897515800014911e-02
3.923248053392658363e+00 1.500338796300004773e-02
3.933259176863181050e+00 1.165295334200000532e-02
3.943270300333704181e+00 8.354327995000021545e-03
3.953281423804226868e+00 5.283271950000001382e-03
3.963292547274748667e+00 2.603843519999982092e-03
3.973303670745272242e+00 4.596679709998330310e-04
3.983314794215794929e+00 -1.035763836999770149e-03
3.993325917686318061e+00 -1.804565429000204446e-03
4.003337041156840748e+00 -1.806735347999799401e-03
4.013348164627363879e+00 -1.042510655999917546e-03
4.023359288097886122e+00 4.440935480001240165e-04
4.033370411568409253e+00 2.575763866999980500e-03
4.043381535038931496e+00 5.238737702999762824e-03
4.053392658509455515e+00 8.284403120000116694e-03
4.063403781979977758e+00 1.155458079200011312e-02
4.073414905450500001e+00 1.487162550199994104e-02
4.083426028921023132e+00 1.806055395800021390e-02
4.093437152391545375e+00 2.095046700799996220e-02
4.103448275862069394e+00 2.338477528799987049e-02
4.113459399332591637e+00 2.523563131100003964e-02
4.123470522803113880e+00 2.640620622199996159e-02
4.133481646273637011e+00 2.683328177599997311e-02
4.143492769744160142e+00 2.649491498999989592e-02
4.153503893214683274e+00 2.541031058800002906e-02
4.163515016685204628e+00 2.364009863100002828e-02
4.173526140155727759e+00 2.128035574999997959e-02
4.183537263626250891e+00 1.846046909900000976e-02
4.193548387096774022e+00 1.533193692599998936e-02
4.203559510567297153e+00 1.206625789499993218e-02
4.213570634037818508e+00 8.844450479999932391e-03
4.223581757508341639e+00 5.839548554999907104e-03
4.233592880978864770e+00 3.218440142999989817e-03
4.243604004449387901e+00 1.129130798999899987e-03
4.253615127919911032e+00 -3.121908659997618685e-04
4.263626251390434163e+00 -1.020246384999978773e-03
4.273637374860956406e+00 -9.507988000001521556e-04
4.283648498331478649e+00 -1.003838919997335211e-04
4.293659621802001780e+00 1.495344176000168446e-03
4.303670745272524911e+00 3.757422742999838583e-03
4.313681868743048042e+00 6.571640143000156975e-03
4.323692992213570285e+00 9.798350907000097365e-03
4.333704115684093416e+00 1.326905688000012962e-02
4.343715239154615659e+00 1.680626887100011846e-02
4.353726362625139679e+00 2.022394152699991121e-02
4.363737486095661033e+00 2.334651667100007266e-02
4.373748609566185053e+00 2.600927107100015068e-02
4.383759733036707296e+00 2.807336546200001060e-02
4.393770856507229539e+00 2.943324729900009817e-02
4.403781979977752670e+00 3.001856164300009677e-02
4.413793103448275801e+00 2.979702693500008159e-02
4.423804226918798044e+00 2.878563250199994705e-02
4.433815350389321175e+00 2.704358119100014335e-02
4.443826473859844306e+00 2.466444886200003239e-02
4.453837597330366549e+00 2.178008914999984835e-02
4.463848720800889680e+00 1.855590553500019446e-02
4.473859844271411923e+00 1.516904974700017394e-02
4.483870967741935942e+00 1.181187225600022206e-02
4.493882091212457297e+00 8.676487655000064692e-03
4.503893214682980428e+00 5.944197663000028165e-03
4.513904338153503559e+00 3.779456699999905744e-03
4.523915461624026690e+00 2.316012283999802079e-03
4.533926585094548933e+00 1.650554359999834020e-03
4.543937708565072064e+00 1.841886291000016662e-03
4.553948832035595196e+00 2.901286296000060716e-03
4.563959955506117439e+00 4.796436215000032810e-03
4.573971078976640570e+00 7.447738671000014854e-03
4.583982202447162813e+00 1.073822293499993030e-02
4.593993325917686832e+00 1.450925973500016841e-02
4.604004449388208187e+00 1.858341263099982932e-02
4.614015572858732206e+00 2.276164543599989987e-02
4.624026696329254449e+00 2.683363544599981498e-02
4.634037819799776692e+00 3.059985680700005872e-02
4.644048943270299823e+00 3.386905347499991059e-02
4.654060066740822954e+00 3.648002454999998978e-02
4.664071190211346085e+00 3.829906417200001911e-02
4.674082313681868328e+00 3.924114923100008312e-02
4.684093437152391459e+00 3.926313361499988996e-02
4.694104560622913702e+00 3.837284775000004977e-02
4.704115684093436833e+00 3.662750139799997307e-02
4.714126807563959076e+00 3.413137837499991001e-02
4.724137931034483096e+00 3.103536572699994167e-02
4.734149054505004450e+00 2.752261632299990435e-02
4.744160177975528470e+00 2.380549133400000628e-02
4.754171301446050713e+00 2.010752301499996175e-02
4.764182424916573844e+00 1.665836640300011329e-02
4.774193548387096087e+00 1.368463544599984871e-02
4.784204671857619218e+00 1.138336532599992790e-02
4.794215795328142349e+00 9.929801074999966559e-03
4.804226918798665480e+00 9.450267562999936644e-03
4.814238042269187723e+00 1.002849077100009811e-02
4.824249165739709966e+00 1.169099218999991585e-02
4.834260289210233985e+00 1.441216127600020158e-02
4.844271412680755340e+00 1.810593656599979173e-02
4.854282536151279359e+00 2.263584458699996471e-02
4.864293659621801602e+00 2.782102066999980750e-02
4.874304783092325621e+00 3.344027211000011324e-02
4.884315906562846976e+00 3.925198731500001426e-02
4.894327030033370107e+00 4.499345175000013519e-02
4.904338153503893238e+00 5.040941365500006821e-02
4.914349276974415481e+00 5.525648117999992781e-02
4.924360400444938612e+00 5.931459381900006100e-02
4.934371523915461744e+00 6.241053027799992048e-02
4.944382647385983987e+00 6.441730273499990389e-02
4.954393770856506229e+00 6.526927402999982419e-02
4.964404894327030249e+00 6.496157273500002827e-02
4.974416017797552492e+00 6.356016646300000073e-02
4.984427141268075623e+00 6.119107615500019026e-02
4.994438264738597866e+00 5.804553783000010458e-02
5.004449388209120997e+00 5.435881872299996864e-02
5.014460511679643240e+00 5.041450116799983672e-02
5.024471635150167259e+00 4.651711198699981509e-02
5.034482758620689502e+00 4.298795099899999084e-02
5.044493882091212633e+00 4.014213639500008313e-02
5.054505005561734876e+00 3.827469874399991312e-02
5.064516129032257119e+00 3.764486474999995114e-02
5.074527252502781138e+00 3.845731512300010202e-02
5.084538375973302493e+00 4.085745766699999670e-02
5.094549499443826512e+00 4.491957227099996341e-02
5.104560622914348755e+00 5.063702971100003669e-02
5.114571746384872775e+00 5.792474851499984645e-02
5.124582869855394129e+00 6.662628327499997560e-02
5.134593993325917261e+00 7.650942532700000243e-02
5.144605116796440392e+00 8.728529965399989266e-02
5.154616240266962635e+00 9.862017195000005731e-02
5.164627363737485766e+00 1.101557234840000454e-01
5.174638487208008897e+00 1.215261249509999031e-01
5.184649610678532028e+00 1.323739715520001470e-01
5.194660734149053383e+00 1.423846123260000818e-01
5.204671857619577402e+00 1.512931266550000542e-01
5.214682981090099645e+00 1.589070002299999285e-01
5.224694104560622776e+00 1.651284180110001998e-01
5.234705228031145019e+00 1.699578876950000872e-01
5.244716351501668150e+00 1.735041847350000666e-01
5.254727474972191281e+00 1.759883228720000581e-01
5.264738598442713524e+00 1.777422786219999828e-01
5.274749721913236655e+00 1.791951871740000701e-01
5.284760845383758898e+00 1.808658295709999475e-01
5.294771968854282029e+00 1.833389583829999614e-01
5.304783092324805160e+00 1.872498042749998204e-01
5.314794215795328292e+00 1.932471937310000776e-01
5.324805339265851423e+00 2.019772110780001517e-01
5.334816462736372777e+00 2.140399622990000195e-01
5.344827586206895909e+00 2.299706879959998451e-01
5.354838709677419040e+00 2.502076209029999720e-01
5.364849833147941283e+00 2.750634258869998350e-01
5.374860956618464414e+00 3.047066754299999625e-01
5.384872080088987545e+00 3.391474055900000062e-01
5.394883203559509788e+00 3.782176256299998318e-01
5.404894327030032919e+00 4.215773726380001030e-01
5.414905450500556050e+00 4.687103344700001006e-01
5.424916573971079181e+00 5.189352966470001105e-01
5.434927697441601424e+00 5.714229644310000467e-01
5.444938820912124555e+00 6.252151077509999766e-01
5.454949944382646798e+00 6.792545268150000926e-01
5.464961067853169041e+00 7.324159032139999637e-01
5.474972191323692172e+00 7.835400212629999306e-01
5.484983314794215303e+00 8.314706550470000179e-01
5.494994438264738434e+00 8.750919915500000590e-01
5.505005561735260677e+00 9.133640452230000761e-01
5.515016685205783808e+00 9.453600825240000560e-01
5.525027808676306940e+00 9.702940638620000113e-01
5.535038932146829183e+00 9.875503170299999578e-01
5.545050055617351425e+00 9.967036249430000217e-01
5.555061179087875445e+00 9.975339050150000553e-01
5.565072302558398576e+00 9.900347508279999653e-01
5.575083426028920819e+00 9.744135425180000531e-01
5.585094549499443062e+00 9.510857659310000267e-01
5.595105672969966193e+00 9.206588418750000224e-01
5.605116796440488436e+00 8.839130895419999856e-01
5.615127919911011567e+00 8.417751153900000505e-01
5.625139043381534698e+00 7.952823012140000092e-01
5.635150166852057829e+00 7.455518216190000214e-01
5.645161290322580072e+00 6.937404960949999921e-01
5.655172413793103203e+00 6.410039020350000172e-01
5.665183537263626334e+00 5.884631595590000819e-01
5.675194660734148577e+00 5.371664654780000658e-01
5.685205784204671708e+00 4.880556568949999674e-01
5.695216907675194840e+00 4.419434054789999067e-01
5.705228031145717082e+00 3.994903210800000437e-01
5.715239154616239325e+00 3.611888150040000189e-01
5.725250278086762457e+00 3.273578234869999326e-01
5.735261401557285588e+00 2.981464232029999994e-01
5.745272525027807831e+00 2.735288155579997937e-01
5.755283648498330962e+00 2.533300808939998872e-01
5.765294771968854093e+00 2.372327393900000025e-01
5.775305895439377224e+00 2.248105084750000593e-01
5.785317018909899467e+00 2.155405716719999143e-01
5.795328142380422598e+00 2.088473908869998841e-01
5.805339265850945729e+00 2.041138221260001551e-01
5.815350389321467972e+00 2.007251791020001619e-01
5.825361512791990215e+00 1.980874305499999988e-01
5.835372636262513346e+00 1.956528327500001163e-01
5.845383759733036477e+00 1.929437713560000489e-01
5.855394883203558720e+00 1.895645889030000975e-01
5.865406006674081851e+00 1.852194018990001023e-01
5.875417130144604982e+00 1.797127608949999900e-01
5.885428253615127225e+00 1.729537170270000201e-01
5.895439377085650356e+00 1.649547635159999137e-01
5.905450500556173488e+00 1.558202216599998691e-01
5.915461624026696619e+00 1.457335683979998908e-01
5.925472747497218862e+00 1.349507193229999569e-01
5.935483870967741993e+00 1.237653171000000496e-01
5.945494994438264236e+00 1.125096373500001912e-01
5.955506117908786479e+00 1.015174969950000117e-01
5.965517241379309610e+00 9.111858073399992097e-02
5.975528364849832741e+00 8.160962197999988010e-02
5.985539488320354984e+00 7.324483799000014450e-02
5.995550611790878115e+00 6.622368263899980345e-02
6.005561735261401246e+00 6.068116023600000908e-02
6.015572858731924377e+00 5.667742042199996888e-02
6.025583982202446620e+00 5.420478973400000289e-02
6.035595105672969751e+00 5.318024497099993475e-02
6.045606229143492882e+00 5.346475825200003307e-02
6.055617352614016013e+00 5.485449900000005652e-02
6.065628476084538256e+00 5.710665804800008072e-02
6.075639599555060499e+00 5.994949983000008586e-02
6.085650723025583630e+00 6.308938890999993276e-02
6.095661846496105873e+00 6.624184556399992374e-02
6.105672969966629005e+00 6.912720477100009475e-02
6.115684093437152136e+00 7.149676994200004909e-02
6.125695216907674379e+00 7.314331378700011932e-02
6.135706340378197510e+00 7.390765410200006436e-02
6.145717463848720641e+00 7.368280016700012869e-02
6.155728587319243772e+00 7.242705598200005479e-02
6.165739710789766015e+00 7.015308511100004640e-02
6.175750834260289146e+00 6.693493374999992529e-02
6.185761957730812277e+00 6.289405356799981917e-02
6.195773081201333632e+00 5.819741218699991947e-02
6.205784204671856763e+00 5.304901358999991601e-02
6.215795328142379894e+00 4.766974092000009211e-02
6.225806451612903025e+00 4.229229657600019898e-02
6.235817575083426156e+00 3.714581673500017001e-02
6.245828698553948399e+00 3.244511371500014008e-02
6.255839822024471530e+00 2.837566435200000736e-02
6.265850945494993773e+00 2.509138692799994796e-02
6.275862068965516904e+00 2.269934334300005574e-02
6.285873192436040036e+00 2.126094969199987528e-02
6.295884315906563167e+00 2.078643841200000786e-02
6.305895439377085410e+00 2.123593475000007391e-02
6.315906562847607653e+00 2.252411926199993086e-02
6.325917686318129896e+00 2.451927422000010903e-02
6.335928809788653027e+00 2.706380955099985108e-02
6.345939933259176158e+00 2.997167340000017610e-02
6.355951056729699289e+00 3.303725013899982965e-02
6.365962180200222420e+00 3.606154244600001668e-02
6.375973303670744663e+00 3.884476710000006605e-02
6.385984427141267794e+00 4.120820646000000753e-02
6.395995550611790925e+00 4.300023713900003042e-02
6.406006674082313168e+00 4.410656062399997968e-02
6.416017797552836299e+00 4.444622939999987032e-02
6.426028921023359430e+00 4.398660583499991450e-02
6.436040044493880785e+00 4.273965930700007743e-02
6.446051167964403916e+00 4.075969467800011348e-02
6.456062291434927047e+00 3.814177332600010573e-02
6.466073414905450178e+00 3.500917195199981791e-02
6.476084538375972421e+00 3.151968314999986642e-02
6.486095661846495553e+00 2.784393617500002804e-02
6.496106785317019572e+00 2.416260479099985314e-02
6.506117908787541815e+00 2.065201985899989268e-02
6.516129032258064058e+00 1.748037919799994011e-02
6.526140155728587189e+00 1.479286102400023672e-02
6.536151279199110320e+00 1.271183266700015579e-02
6.546162402669632563e+00 1.131878348699999481e-02
6.556173526140154806e+00 1.066346631600001427e-02
6.566184649610677937e+00 1.075292818799988837e-02
6.576195773081200180e+00 1.155376517100004108e-02
6.586206896551722423e+00 1.299344157499993102e-02
6.596218020022246442e+00 1.497301153499974724e-02
6.606229143492769573e+00 1.735741531000001281e-02
6.616240266963291816e+00 1.999792749499995637e-02
6.626251390433814947e+00 2.272985701499974365e-02
6.636262513904338078e+00 2.538785591100001238e-02
6.646273637374860321e+00 2.781522337499997555e-02
6.656284760845383452e+00 2.986632113900011820e-02
6.666295884315906584e+00 3.142038519500012228e-02
6.676307007786428827e+00 3.238401705499993621e-02
6.686318131256951069e+00 3.269816003799985715e-02
6.696329254727474201e+00 3.234057450800009725e-02
6.706340378197997332e+00 3.132614895899998864e-02
6.716351501668519575e+00 2.970594173099982971e-02
6.726362625139042706e+00 2.756319056299993964e-02
6.736373748609565837e+00 2.500956017400002285e-02
6.746384872080088968e+00 2.217829403899984619e-02
6.756395995550610323e+00 1.922015249899988731e-02
6.766407119021134342e+00 1.628421784800004879e-02
6.776418242491657473e+00 1.352522111000009630e-02
6.786429365962179716e+00 1.108260166199992458e-02
6.796440489432702847e+00 9.080075135000087450e-03
6.806451612903225090e+00 7.616032764000024713e-03
6.816462736373748221e+00 6.754493239999770360e-03
6.826473859844270464e+00 6.534738043999954726e-03
6.836484983314793595e+00 6.951704869999963954e-03
6.846496106785316726e+00 7.971897454999821164e-03
6.856507230255838969e+00 9.524057715000089352e-03
6.866518353726362101e+00 1.151332945199978752e-02
6.876529477196885232e+00 1.381993888699983852e-02
6.886540600667408363e+00 1.630607767500003025e-02
6.896551724137930606e+00 1.882537138799988963e-02
6.906562847608453737e+00 2.123308902700005163e-02
6.916573971078976868e+00 2.338776510300011324e-02
6.926585094549498223e+00 2.516766846199980368e-02
6.936596218020021354e+00 2.646678396800006272e-02
6.946607341490544485e+00 2.721277201199989726e-02
6.956618464961067616e+00 2.735749851900015628e-02
6.966629588431589859e+00 2.689454487499987057e-02
6.976640711902112990e+00 2.584425305399984385e-02
6.986651835372636121e+00 2.426369638199998846e-02
6.996662958843158364e+00 2.223875172600009442e-02
7.006674082313681495e+00 1.987974813499993054e-02
7.016685205784203738e+00 1.731549209100013975e-02
7.026696329254727758e+00 1.468444041199989947e-02
7.036707452725250000e+00 1.213209201900011802e-02
7.046718576195772243e+00 9.798659326999969998e-03
7.056729699666295375e+00 7.808154982999915283e-03
7.066740823136817617e+00 6.270725934000020985e-03
7.076751946607340749e+00 5.270995295000191483e-03
7.086763070077863880e+00 4.857745051999873276e-03
7.096774193548387011e+00 5.053113294000155520e-03
7.106785317018909254e+00 5.845027190999996236e-03
7.116796440489432385e+00 7.184575259999936847e-03
7.126807563959955516e+00 8.994811626999887899e-03
7.136818687430477759e+00 1.117365440299999957e-02
7.146829810901000890e+00 1.359470993900002700e-02
7.156840934371524021e+00 1.612112281499988864e-02
7.166852057842045376e+00 1.860883000700008783e-02
7.176863181312568507e+00 2.091624398999980539e-02
7.186874304783091638e+00 2.291070336000022856e-02
7.196885428253614769e+00 2.447663389399989953e-02
7.206896551724137012e+00 2.552579587800019034e-02
7.216907675194660143e+00 2.599527071099994036e-02
7.226918798665183274e+00 2.585703834200003826e-02
7.236929922135705517e+00 2.511581924299999269e-02
7.246941045606228649e+00 2.381531676600023850e-02
7.256952169076751780e+00 2.202697271900022624e-02
7.266963292547274911e+00 1.985284508700002615e-02
7.276974416017797154e+00 1.741527734700010210e-02
7.286985539488319397e+00 1.485733500299979415e-02
7.296996662958842528e+00 1.233071745900005123e-02
7.307007786429364771e+00 9.981003451999925780e-03
7.317018909899887902e+00 7.950243874999984861e-03
7.327030033370411033e+00 6.364833949999981755e-03
7.337041156840934164e+00 5.322410231000107572e-03
7.347052280311456407e+00 4.895321534000074415e-03
7.357063403781979538e+00 5.120284486999970852e-03
7.367074527252502669e+00 5.997136494000021578e-03
7.377085650723024912e+00 7.490687062999934476e-03
7.387096774193548043e+00 9.526070958000065758e-03
7.397107897664071174e+00 1.199928613099987551e-02
7.407119021134594306e+00 1.478067575100006081e-02
7.417130144605115660e+00 1.772029606200009599e-02
7.427141268075638791e+00 2.065473656000016422e-02
7.437152391546161923e+00 2.342354762700005200e-02
7.447163515016684165e+00 2.586968877500006592e-02
7.457174638487207297e+00 2.785658607000007780e-02
7.467185761957730428e+00 2.926833756000002396e-02
7.477196885428253559e+00 3.002488649600010273e-02
7.487208008898775802e+00 3.008181948400001637e-02
7.497219132369298933e+00 2.943726989999984056e-02
7.507230255839822064e+00 2.812813474700004424e-02
7.517241379310344307e+00 2.623723190000004646e-02
7.527252502780867438e+00 2.388220611000002602e-02
7.537263626251390569e+00 2.120927457499999225e-02
7.547274749721912812e+00 1.839622673599994318e-02
7.557285873192435055e+00 1.562890796000016014e-02
7.567296996662958186e+00 1.310322683999987081e-02
7.577308120133481317e+00 1.100053337399986564e-02
7.587319243604003560e+00 9.490615790000211938e-03
7.597330367074526691e+00 8.716792501999970355e-03
7.607341490545049822e+00 8.782337950999918874e-03
7.617352614015572954e+00 9.744970382000062159e-03
7.627363737486095197e+00 1.161657585600006648e-02
7.637374860956618328e+00 1.435955427500013037e-02
7.647385984427141459e+00 1.788269979500001217e-02
7.657397107897662814e+00 2.204701823799992688e-02
7.667408231368185945e+00 2.667666414199987290e-02
7.677419354838709076e+00 3.155798521400010603e-02
7.687430478309231319e+00 3.646265729399988942e-02
7.697441601779754450e+00 4.115283254000001723e-02
7.707452725250278469e+00 4.539646007099984448e-02
7.717463848720800712e+00 4.898472079499993637e-02
7.727474972191322955e+00 5.173911584299994981e-02
7.737486095661846086e+00 5.353640958200012179e-02
7.747497219132369217e+00 5.430827708000018905e-02
7.757508342602892348e+00 5.405781656599983886e-02
7.767519466073414591e+00 5.285899165399987609e-02
7.777530589543936834e+00 5.086157639000010722e-02
7.787541713014459965e+00 4.829475173599995230e-02
7.797552836484981320e+00 4.545195810300006745e-02
7.807563959955505339e+00 4.268389325400023804e-02
7.817575083426028471e+00 4.039271912800002085e-02
7.827586206896550713e+00 3.900604039800004141e-02
7.837597330367073845e+00 3.896099868699987034e-02
7.847608453837596976e+00 4.069482836399984649e-02
7.857619577308120107e+00 4.460319758699982096e-02
7.867630700778642350e+00 5.104033619100001307e-02
7.877641824249165481e+00 6.028201247499986870e-02
7.887652947719688612e+00 7.251963113400006211e-02
7.897664071190209967e+00 8.784239011499994643e-02
7.907675194660733098e+00 1.062222605310000345e-01
7.917686318131256229e+00 1.275100665830000146e-01
7.927697441601779360e+00 1.514362723259997656e-01
7.937708565072301603e+00 1.776139113510000200e-01
7.947719688542824734e+00 2.055416297240001411e-01
7.957730812013347865e+00 2.346275771840000690e-01
7.967741935483871885e+00 2.641987928159998944e-01
7.977753058954393239e+00 2.935288702620000301e-01
7.987764182424916370e+00 3.218547774630000635e-01
7.997775305895439502e+00 3.484190065829999572e-01
8.007786429365962633e+00 3.724796779189999407e-01
8.017797552836483987e+00 3.933492038299999383e-01
8.027808676307007119e+00 4.104165252510001416e-01
8.037819799777530250e+00 4.231716233669998717e-01
8.047830923248053381e+00 4.312195005470000897e-01
8.057842046718574736e+00 4.343066219069999789e-01
8.067853170189097867e+00 4.323198655350001252e-01
8.077864293659620998e+00 4.252984136300000939e-01
8.087875417130144129e+00 4.134304856390000893e-01
8.097886540600667260e+00 3.970457903899999863e-01
8.107897664071190391e+00 3.766076264910001026e-01
8.117908787541713522e+00 3.526941485179999614e-01
8.127919911012234877e+00 3.259757449910000160e-01
8.137931034482759785e+00 2.971898108029999985e-01
8.147942157953281139e+00 2.671225582509999530e-01
8.157953281423802494e+00 2.365644325549999261e-01
8.167964404894325625e+00 2.062994117500002167e-01
8.177975528364848756e+00 1.770597503550001006e-01
8.187986651835371887e+00 1.495199238470001912e-01
8.197997775305895019e+00 1.242514117989999001e-01
8.208008898776418150e+00 1.017269362710000458e-01
8.218020022246941281e+00 8.228828118300013372e-02
8.228031145717462636e+00 6.615268527200002247e-02
8.238042269187985767e+00 5.339856195499981251e-02
8.248053392658508898e+00 4.397728847000015318e-02
8.258064516129032029e+00 3.771931291499996952e-02
8.268075639599553384e+00 3.434495729400011133e-02
8.278086763070076515e+00 3.348386752700005520e-02
8.288097886540599646e+00 3.469411066999972260e-02
8.298109010011122777e+00 3.748903674200010361e-02
8.308120133481645908e+00 4.135782173100011061e-02
8.318131256952169039e+00 4.578967779899989488e-02
8.328142380422692170e+00 5.029762573400020642e-02
8.338153503893213525e+00 5.443870831799979548e-02
8.348164627363736656e+00 5.783436903500005499e-02
8.358175750834259787e+00 6.017963823200012108e-02
8.368186874304782918e+00 6.126085117399993063e-02
8.378197997775306050e+00 6.094937576699988036e-02
8.388209121245827404e+00 5.921608602700001445e-02
8.398220244716350535e+00 5.611896829999996061e-02
8.408231368186873667e+00 5.179717540400008424e-02
8.418242491657396798e+00 4.645592967900014081e-02
8.428253615127919929e+00 4.036365197899993706e-02
8.438264738598441284e+00 3.382045894000018649e-02
8.448275862068964415e+00 2.714644950199995854e-02
8.458286985539487546e+00 2.066741723999998559e-02
8.468298109010010677e+00 1.468651271500009958e-02
8.478309232480533808e+00 9.480906200000194239e-03
8.488320355951055163e+00 5.273327789999893156e-03
8.498331479421580070e+00 2.234317816000030987e-03
8.508342602892101425e+00 4.643019750000254575e-04
8.518353726362624556e+00 -7.055175999859386593e-06
8.528364849833147687e+00 7.824431600002013099e-04
8.538375973303669042e+00 2.728017059000054090e-03
8.548387096774192173e+00 5.663028759000043877e-03
8.558398220244715304e+00 9.374053162999995692e-03
8.568409343715238435e+00 1.360725535799989228e-02
8.578420467185761566e+00 1.809199003999995004e-02
8.588431590656284698e+00 2.254198875900004229e-02
8.598442714126807829e+00 2.669029470000006121e-02
8.608453837597330960e+00 3.028178241899992518e-02
8.618464961067852315e+00 3.310338195500006631e-02
8.628476084538375446e+00 3.498732728299980277e-02
8.638487208008898577e+00 3.582446256000015872e-02
8.648498331479419932e+00 3.555892642700009265e-02
8.658509454949943063e+00 3.420358049099991860e-02
8.668520578420467970e+00 3.183187736300008286e-02
8.678531701890989325e+00 2.857047266999990232e-02
8.688542825361510680e+00 2.459766630000015386e-02
8.698553948832035587e+00 2.012755070399985247e-02
8.708565072302558718e+00 1.540145368800005521e-02
8.718576195773080073e+00 1.067496989499994164e-02
8.728587319243603204e+00 6.195198291000125757e-03
8.738598442714126335e+00 2.203914720000144101e-03
8.748609566184651243e+00 -1.095335929000018638e-03
8.758620689655170821e+00 -3.533152679999762569e-03
8.768631813125693952e+00 -4.988350565000354564e-03
8.778642936596218860e+00 -5.394211658000136467e-03
8.788654060066740215e+00 -4.743867969999815415e-03
8.798665183537261569e+00 -3.089102407999533284e-03
8.808676307007786477e+00 -5.349253889996852251e-04
8.818687430478309608e+00 2.767247664000049845e-03
8.828698553948830963e+00 6.622415099000078520e-03
8.838709677419354094e+00 1.080711983899995676e-02
8.848720800889877225e+00 1.508054355799992585e-02
8.858731924360400356e+00 1.920002916700014328e-02
8.868743047830923487e+00 2.293090907500006104e-02
8.878754171301444842e+00 2.605864147500003281e-02
8.888765294771967973e+00 2.840937918200003853e-02
8.898776418242491104e+00 2.984389140599996715e-02
8.908787541713012459e+00 3.028053397100005650e-02
8.918798665183537366e+00 2.969036840599992289e-02
8.928809788654060497e+00 2.809998455499984615e-02
8.938820912124581852e+00 2.559681781500000586e-02
8.948832035595104983e+00 2.231119657499991416e-02
8.958843159065628114e+00 1.842171953600013623e-02
8.968854282536151246e+00 1.413768051499997291e-02
8.978865406006674377e+00 9.690196736000245004e-03
8.988876529477195731e+00 5.324523495000010875e-03
8.998887652947718863e+00 1.275142060000122868e-03
9.008898776418241994e+00 -2.235771373000128293e-03
9.018909899888763348e+00 -5.020855881999741754e-03
9.028921023359286480e+00 -6.924552524999905145e-03
9.038932146829811387e+00 -7.844209280000180584e-03
9.048943270300332742e+00 -7.730171655999651392e-03
9.058954393770854097e+00 -6.588080300999887839e-03
9.068965517241379004e+00 -4.479305652000054039e-03
9.078976640711902135e+00 -1.520092400999928373e-03
9.088987764182425266e+00 2.125250399000022661e-03
9.098998887652946621e+00 6.259961074999820241e-03
9.109010011123469752e+00 1.065374822999987092e-02
9.119021134593992883e+00 1.506423231999987067e-02
9.129032258064514238e+00 1.924631684400002207e-02
9.139043381535037369e+00 2.297032569500012666e-02
9.149054505005562277e+00 2.602201626799982570e-02
9.159065628476083631e+00 2.823315018200001081e-02
9.169076751946604986e+00 2.947456701899986431e-02
9.179087875417129894e+00 2.967206780600006866e-02
9.189098998887653025e+00 2.880641160600005968e-02
9.199110122358176156e+00 2.691833124800013799e-02
9.209121245828697511e+00 2.410281705900008120e-02
9.219132369299220642e+00 2.050842232799987563e-02
9.229143492769745549e+00 1.632620051900002256e-02
9.239154616240265128e+00 1.178111204599985307e-02
9.249165739710788259e+00 7.114111855999860623e-03
9.259176863181313166e+00 2.582943806999971059e-03
9.269187986651834521e+00 -1.567151084999718336e-03
9.279199110122355876e+00 -5.105958689999967604e-03
9.289210233592880783e+00 -7.837747720000010077e-03
9.299221357063403914e+00 -9.609144832000149350e-03
9.309232480533925269e+00 -1.031545066000005839e-02
9.319243604004448400e+00 -9.913364082000164501e-03
9.329254727474971531e+00 -8.415686269000133279e-03
9.339265850945496439e+00 -5.896941250000287127e-03
9.349276974416017794e+00 -2.488644292000019576e-03
9.359288097886539148e+00 1.628449643000129399e-03
9.369299221357064056e+00 6.236317366999921674e-03
9.379310344827585411e+00 1.108490788700011720e-02
9.389321468298106765e+00 1.591079998399991258e-02
9.399332591768631673e+00 2.045184398300003981e-02
9.409343715239154804e+00 2.445322325499987848e-02
9.419354838709676159e+00 2.769576262200001970e-02
9.429365962180199290e+00 2.999255305499992641e-02
9.439377085650722421e+00 3.121252616800007651e-02
9.449388209121245552e+00 3.127557889500021115e-02
9.459399332591768683e+00 3.017043963800014605e-02
9.469410456062290038e+00 2.794754741499994033e-02
9.479421579532813169e+00 2.471188146299996280e-02
9.489432703003336300e+00 2.063574237500009900e-02
9.499443826473857655e+00 1.592922833600018961e-02
9.509454949944382562e+00 1.084588431500010941e-02
9.519466073414905694e+00 5.655207394999917092e-03
9.529477196885427048e+00 6.395334750000092328e-04
9.539488320355950179e+00 -3.925578013000308175e-03
9.549499443826473311e+00 -7.788287177999952959e-03
9.559510567296996442e+00 -1.073272409799996829e-02
9.569521690767519573e+00 -1.258890450000027528e-02
9.579532814238040928e+00 -1.324558524499996892e-02
9.589543937708564059e+00 -1.265514591699989921e-02
9.599555061179087190e+00 -1.083857517300002016e-02
9.609566184649610321e+00 -7.882171791999903476e-03
9.619577308120131676e+00 -3.933210292999866908e-03
9.629588431590656583e+00 8.005740349998902161e-04
9.639599555061177938e+00 6.069458954999884526e-03
9.649610678531702845e+00 1.159484440600022648e-02
9.659621802002224200e+00 1.707634830299997741e-02
9.669632925472745555e+00 2.221756626299997706e-02
9.679644048943270462e+00 2.673350240000005318e-02
9.689655172413791817e+00 3.037189029500009241e-02
9.699666295884314948e+00 3.292772849600000828e-02
9.709677419354838079e+00 3.424727327499987872e-02
9.719688542825361210e+00 3.424832374999997597e-02
9.729699666295882565e+00 3.291322311099975639e-02
9.739710789766407473e+00 3.030143089599979245e-02
9.749721913236928827e+00 2.653923554399983953e-02
9.759733036707451959e+00 2.181931399899994517e-02
9.769744160177975090e+00 1.638729710000008666e-02
9.779755283648498221e+00 1.052923627500002013e-02
9.789766407119019576e+00 4.558516382000110667e-03
9.799777530589542707e+00 -1.202541298000125991e-03
9.809788654060065838e+00 -6.434587808000324927e-03
9.819799777530588969e+00 -1.085050649999974581e-02
9.829810901001112100e+00 -1.420004157700027747e-02
9.839822024471633455e+00 -1.628944324999981319e-02
9.849833147942158362e+00 -1.698587152200037309e-02
9.859844271412679717e+00 -1.624056446600019576e-02
9.869855394883202848e+00 -1.407150612000007683e-02
9.879866518353725979e+00 -1.058201149600002111e-02
9.889877641824249110e+00 -5.943788544999994983e-03
9.899888765294770465e+00 -3.939417690002056105e-04
9.909899888765293596e+00 5.776139655000012141e-03
9.919911012235816727e+00 1.224076086000003283e-02
9.929922135706338082e+00 1.865477234299994791e-02
9.939933259176862990e+00 2.466848767499996153e-02
9.949944382647384344e+00 2.994827761500007401e-02
9.959955506117909252e+00 3.420266671999983021e-02
9.969966629588430607e+00 3.718591711999996718e-02
9.979977753058953738e+00 3.872002565599996782e-02
9.989988876529476869e+00 3.870128650799997683e-02
1.000000000000000000e+01 3.711253737500008754e-02
