# Bistatische RCS Messung eines PVC-Würfels mit Kantenlänge L = 5 cm
# Erste Spalte Theta, zweite Spalte 10*log10(RCS)
2	-27.75766
2.0479	-28.48555
2.1193	-29.44469
2.2023	-30.26663
2.2729	-31.50699
2.3625	-32.8614
2.4443	-34.54029
2.5281	-36.49429
2.6107	-38.65696
2.6826	-41.75473
2.7669	-45.01104
2.8456	-46.76217
2.9253	-43.88279
3	-40.48798
3.0922	-37.85298
3.1768	-35.83675
3.2695	-34.30879
3.3518	-32.92473
3.4357	-31.9134
3.5177	-31.20221
3.5883	-30.41368
3.6737	-29.9068
3.7438	-29.37349
3.8229	-28.8722
3.9047	-28.45425
3.9909	-28.09244
4.075	-27.82653
4.1638	-27.57551
4.2479	-27.41741
4.3328	-27.27626
4.412	-27.1997
4.4943	-27.20584
4.5768	-27.22724
4.6711	-27.28517
4.7526	-27.42781
4.8398	-27.62202
4.9281	-27.93426
5.0128	-28.21475
5.0943	-28.4917
5.1792	-28.90209
5.2716	-29.3686
5.3542	-29.79377
5.4367	-30.22107
5.5193	-30.79823
5.6005	-31.42122
5.6841	-32.09295
5.7693	-32.72157
5.8531	-33.41006
5.9289	-34.12101
6.013	-34.98469
6.0956	-35.90651
6.1779	-36.86335
6.2622	-37.80974
6.3469	-38.66596
6.437	-39.63803
6.5232	-40.30539
6.6055	-40.84039
6.6771	-40.97691
6.7599	-41.00952
6.8313	-40.78925
6.9208	-40.28251
7.0023	-39.99269
7.0888	-39.5077
7.1719	-39.23686
7.2505	-38.80152
7.3328	-38.48481
7.4206	-38.14978
7.5016	-38.08696
7.5797	-37.9524
7.662	-38.05658
7.7474	-38.14022
7.832	-38.06516
7.9026	-38.24946
7.974	-38.4738
8.0625	-38.77218
8.1451	-38.9506
8.231	-39.37121
8.3138	-39.5805
8.3826	-39.90176
8.4521	-40.17193
8.5255	-40.60353
8.6169	-40.92209
8.7005	-41.13146
8.7818	-41.48755
8.8753	-41.73922
8.9583	-41.62493
9.0401	-41.86912
9.1263	-41.69415
9.2104	-41.69673
9.2883	-41.57382
9.3708	-41.50114
9.4583	-41.41938
9.5471	-41.14034
9.6299	-41.0119
9.7229	-40.90786
9.8089	-40.74115
9.8997	-40.65468
9.9823	-40.67529
10.0682	-40.56864
10.1497	-40.69655
10.2203	-40.9103
10.2885	-41.04407
10.3602	-41.34185
10.4464	-41.87978
10.5349	-42.1615
10.6193	-42.5268
10.701	-43.20364
10.7846	-43.75653
10.8576	-44.78155
10.9276	-45.53559
10.9997	-46.41237
11.0904	-48.0702
11.1742	-49.62786
11.2549	-50.33018
11.3253	-50.71859
11.4091	-50.46343
11.4794	-49.15
11.5513	-47.47182
11.6214	-46.25663
11.6943	-44.62912
11.7755	-43.20784
11.8549	-42.20729
11.9391	-41.04654
12.0201	-40.1574
12.1034	-39.52469
12.1732	-38.73481
12.2599	-38.12013
12.3427	-37.62249
12.4331	-37.14854
12.5169	-36.73541
12.6013	-36.44348
12.6724	-36.22783
12.743	-36.06558
12.8138	-35.93875
12.8971	-35.8822
12.974	-35.79338
13.0565	-35.79583
13.1411	-35.76957
13.2341	-35.95687
13.3156	-36.04769
13.3995	-36.11332
13.4862	-36.32763
13.5758	-36.43208
13.6573	-36.71362
13.7448	-36.98054
13.8339	-37.31422
13.9172	-37.57668
13.999	-38.01059
14.0938	-38.57798
14.1758	-39.06082
14.2602	-39.45563
14.3445	-40.19273
14.4354	-40.75022
14.5172	-41.09416
14.6003	-41.3191
14.6826	-41.16554
14.7565	-41.1808
14.8404	-40.83454
14.9174	-40.41077
15	-39.74524
15.0867	-39.24189
15.1672	-38.71051
15.2492	-38.07647
15.3297	-37.46764
15.413	-36.91953
15.4979	-36.47993
15.581	-36.11943
15.6523	-35.73223
15.7359	-35.37352
15.8052	-35.15229
15.8773	-34.9541
15.9469	-34.56464
16.0255	-34.33215
16.1115	-34.15299
16.2016	-33.93376
16.2872	-33.72683
16.3802	-33.70929
16.4609	-33.58216
16.5477	-33.55122
16.638	-33.52053
16.7198	-33.61666
16.8031	-33.67511
16.8854	-33.74031
16.9672	-33.86365
17.0503	-34.08306
17.1359	-34.28296
17.2268	-34.50717
17.3086	-34.67501
17.3911	-34.9453
17.4753	-35.17375
17.5487	-35.48693
17.6268	-35.83168
17.7096	-36.07965
17.7924	-36.24546
17.8766	-36.43707
17.9625	-36.51985
18.0326	-36.541
18.1021	-36.53942
18.1727	-36.55094
18.2656	-36.47534
18.3461	-36.37682
18.4208	-36.1769
18.5031	-36.11135
18.5938	-35.96353
18.675	-35.7934
18.7583	-35.62428
18.8294	-35.44289
18.8997	-35.26631
18.9727	-35.00309
19.0643	-34.75752
19.1464	-34.55784
19.2305	-34.33947
19.2997	-34.19861
19.3849	-33.9335
19.457	-33.86329
19.5474	-33.68094
19.6302	-33.63039
19.7232	-33.68412
19.8065	-33.63198
19.8893	-33.73674
19.9714	-33.88141
20.0552	-33.93508
20.1281	-34.07222
20.1997	-34.19686
20.2789	-34.31633
20.3617	-34.37414
20.4448	-34.5332
20.5349	-34.67529
20.6193	-34.61492
20.7016	-34.7713
20.7844	-34.77699
20.8581	-34.86965
20.9406	-34.87872
21.0188	-34.96009
21.1021	-34.95214
21.1836	-34.96218
21.2667	-34.94459
21.3523	-34.87402
21.4237	-34.84471
21.4938	-34.76988
21.5732	-34.62089
21.6487	-34.49501
21.7263	-34.38176
21.8076	-34.26217
21.8943	-34.0548
21.9773	-33.92202
22.0474	-33.81967
22.1188	-33.70143
22.2102	-33.50634
22.2961	-33.44208
22.3859	-33.31958
22.4677	-33.21344
22.551	-33.17314
22.6349	-33.16072
22.7052	-33.11473
22.775	-33.14282
22.8688	-33.20452
22.9505	-33.33947
23.0362	-33.5045
23.1182	-33.65891
23.1979	-33.82663
23.2805	-34.10263
23.3659	-34.25492
23.457	-34.47953
23.5396	-34.60804
23.6229	-34.81424
23.7065	-34.97004
23.7919	-35.06308
23.875	-35.14774
23.9453	-35.28582
24.0224	-35.28383
24.1047	-35.21743
24.1896	-35.10027
24.274	-34.95699
24.3516	-34.78233
24.4281	-34.53337
24.4984	-34.26637
24.5648	-33.99831
24.6367	-33.67633
24.7115	-33.31831
24.7919	-32.99599
24.8831	-32.69388
24.9672	-32.44657
25.049	-32.27838
25.1294	-32.06195
25.212	-31.8321
25.2953	-31.59731
25.3797	-31.43225
25.4711	-31.27182
25.5563	-31.14767
25.6414	-31.06498
25.7313	-31.03155
25.8245	-31.13853
25.9078	-31.21928
25.9893	-31.41296
26.0742	-31.61241
26.1568	-31.93364
26.2367	-32.31025
26.3203	-32.80513
26.4016	-33.36885
26.4958	-34.07512
26.5792	-34.78801
26.6612	-35.56394
26.7323	-36.43227
26.8177	-37.54237
26.9021	-38.28244
26.9729	-39.19603
27.0617	-39.97587
27.1453	-40.20221
27.218	-40.34111
27.2878	-39.88459
27.3594	-39.05725
27.4424	-38.11627
27.5206	-36.83441
27.6029	-35.61029
27.6867	-34.30358
27.7688	-33.15995
27.8531	-32.26355
27.9258	-31.47789
27.9961	-30.71714
28.0737	-29.99112
28.1505	-29.45223
28.2203	-28.92638
28.2979	-28.39261
28.3805	-27.94421
28.4677	-27.57159
28.5583	-27.27336
28.6406	-27.02012
28.7242	-26.81274
28.8161	-26.71556
28.8987	-26.65147
28.9857	-26.6109
29.0685	-26.6132
29.1391	-26.6745
29.2276	-26.79876
29.3141	-27.00125
29.4052	-27.2079
29.4883	-27.50631
29.5755	-27.86474
29.6547	-28.21843
29.7289	-28.70425
29.8182	-29.38548
29.9005	-30.11641
29.9854	-31.09214
30.0773	-32.32533
30.1607	-33.71236
30.2438	-35.17569
30.3138	-37.02167
30.3888	-39.79923
30.476	-42.69563
30.5609	-43.12574
30.6445	-40.7023
30.7164	-37.54162
30.7984	-35.2407
30.8784	-33.13269
30.9531	-31.56935
31.0307	-30.07314
31.113	-28.70182
31.2016	-27.59534
31.2896	-26.63201
31.3727	-25.80325
31.456	-25.06982
31.5396	-24.51634
31.6107	-23.93785
31.6938	-23.4715
31.7638	-23.0668
31.8367	-22.70493
31.9081	-22.3279
31.9964	-22.05421
32.081	-21.79001
32.1664	-21.63353
32.2487	-21.53646
32.3188	-21.45305
32.3854	-21.41009
32.4591	-21.39329
32.5305	-21.44926
32.6133	-21.48735
32.6849	-21.62447
32.7677	-21.77202
32.8388	-22.04065
32.9294	-22.34729
33.0125	-22.65493
33.0836	-23.00618
33.1539	-23.46209
33.2331	-23.96893
33.3099	-24.51065
33.3859	-25.23032
33.4714	-25.99031
33.5539	-26.67472
33.624	-27.30172
33.6966	-27.96398
33.7875	-28.37735
33.8695	-28.43922
33.9531	-28.03969
34.0357	-27.39444
34.1073	-26.5611
34.1872	-25.47679
34.2698	-24.3852
34.3531	-23.39581
34.4464	-22.38582
34.5297	-21.55433
34.6125	-20.87128
34.6841	-20.14659
34.7664	-19.6183
34.837	-19.07836
34.9115	-18.48148
34.9945	-18.02098
35.0714	-17.57874
35.1531	-17.13894
35.2404	-16.78872
35.3216	-16.51286
35.393	-16.29475
35.463	-16.10601
35.5346	-15.93575
35.6125	-15.78665
35.6948	-15.6825
35.7794	-15.63007
35.8602	-15.62029
35.9339	-15.6524
36.0188	-15.74021
36.1081	-15.84912
36.1896	-16.02494
36.2773	-16.24633
36.3674	-16.5126
36.4495	-16.82477
36.5341	-17.18795
36.6182	-17.62062
36.7078	-18.06578
36.7909	-18.57188
36.8727	-19.10964
36.9573	-19.63082
37.0495	-20.10835
37.1354	-20.5159
37.226	-20.75358
37.3094	-20.7602
37.3935	-20.55291
37.4768	-20.20658
37.5557	-19.63174
37.6383	-18.93771
37.7211	-18.18082
37.8039	-17.53954
37.876	-16.79915
37.9586	-16.17118
38.0396	-15.46724
38.1211	-14.80076
38.2047	-14.20515
38.2885	-13.67096
38.3813	-13.14059
38.463	-12.70849
38.5469	-12.30767
38.6336	-11.95768
38.7219	-11.64793
38.8044	-11.38852
38.8883	-11.17435
38.9727	-11.01758
39.0518	-10.8808
39.1341	-10.77844
39.218	-10.72835
39.301	-10.71303
39.3724	-10.73726
39.4565	-10.80938
39.5464	-10.92974
39.6286	-11.09601
39.7112	-11.32894
39.7977	-11.58583
39.8807	-11.85028
39.9518	-12.19716
40.0352	-12.54193
40.1117	-12.98667
40.1953	-13.4976
40.2773	-14.06049
40.3643	-14.61303
40.4451	-15.12403
40.5247	-15.65017
40.6065	-16.11009
40.6898	-16.39418
40.7721	-16.47661
40.8424	-16.36986
40.9128	-16.01035
40.9974	-15.49157
41.0784	-14.80452
41.1602	-14.00006
41.243	-13.16835
41.3263	-12.32685
41.4122	-11.56293
41.4958	-10.81433
41.5841	-10.09658
41.6667	-9.44342
41.7497	-8.8271
41.8432	-8.26048
41.9268	-7.73174
42.0125	-7.27052
42.1031	-6.84403
42.1846	-6.4604
42.2701	-6.18017
42.3396	-5.9103
42.4206	-5.64228
42.5021	-5.3996
42.5852	-5.1862
42.6685	-5.03789
42.7401	-4.88864
42.8234	-4.78948
42.8945	-4.70913
42.974	-4.64432
43.0573	-4.60689
43.1409	-4.59789
43.2253	-4.61302
43.3036	-4.65971
43.3875	-4.7326
43.4727	-4.83606
43.5557	-4.94278
43.6255	-5.07105
43.6977	-5.24999
43.7878	-5.45568
43.8695	-5.67223
43.962	-5.94167
44.0484	-6.1951
44.1299	-6.42602
44.2016	-6.66442
44.2732	-6.90729
44.343	-7.16084
44.4146	-7.44738
44.506	-7.73063
44.5904	-7.96973
44.6737	-8.15504
44.7451	-8.32268
44.8352	-8.45087
44.9185	-8.52235
45.0003	-8.53329
45.0846	-8.48262
45.1766	-8.3776
45.2529	-8.26079
45.3297	-8.07093
45.413	-7.86016
45.4953	-7.67695
45.5654	-7.43173
45.6594	-7.18776
45.7427	-6.95567
45.8253	-6.71281
45.9195	-6.50897
45.9951	-6.34397
46.0727	-6.17393
46.1542	-6.021
46.2375	-5.8902
46.3206	-5.80739
46.3924	-5.73861
46.4721	-5.67495
46.5565	-5.64753
46.6398	-5.65212
46.732	-5.68404
46.8185	-5.74683
46.9089	-5.84446
46.9964	-5.96214
47.0846	-6.11079
47.1672	-6.29934
47.2534	-6.50399
47.3346	-6.70036
47.406	-6.96303
47.4888	-7.20078
47.5594	-7.46725
47.6383	-7.82106
47.7219	-8.19533
47.807	-8.59933
47.8974	-9.00872
47.9815	-9.42304
48.0654	-9.78189
48.1378	-10.199
48.2198	-10.54202
48.2906	-10.89249
48.3693	-11.25497
48.4531	-11.59561
48.5362	-11.86869
48.6188	-12.05374
48.6982	-12.1977
48.782	-12.27116
48.8682	-12.27795
48.951	-12.24592
49.0211	-12.17375
49.099	-12.05057
49.1833	-11.90384
49.268	-11.7832
49.3396	-11.65711
49.418	-11.51792
49.4992	-11.37485
49.5826	-11.2634
49.6586	-11.17896
49.7401	-11.11924
49.8188	-11.09283
49.901	-11.08944
49.9729	-11.11037
50.0565	-11.16296
50.1471	-11.26446
50.2305	-11.40504
50.313	-11.55179
50.3953	-11.76107
50.4708	-11.97308
50.5482	-12.26527
50.6341	-12.6099
50.7182	-12.98512
50.8068	-13.42896
50.8901	-13.89751
50.974	-14.39598
51.057	-14.89038
51.1362	-15.47465
51.219	-16.14133
51.3021	-16.84447
51.3846	-17.58089
51.4701	-18.32624
51.5604	-19.09463
51.6464	-19.82636
51.7372	-20.42939
51.8219	-20.96968
51.9029	-21.32733
51.988	-21.47831
52.0609	-21.45095
52.1516	-21.2822
52.2354	-21.0304
52.3185	-20.76055
52.401	-20.49843
52.4802	-20.20059
52.562	-19.91091
52.6453	-19.66731
52.7302	-19.49868
52.8099	-19.38631
52.8927	-19.33491
52.9758	-19.32173
53.0492	-19.3736
53.1323	-19.47613
53.2034	-19.62347
53.281	-19.87885
53.3651	-20.20975
53.4477	-20.56575
53.5193	-21.01995
53.6023	-21.48012
53.6724	-22.03656
53.7521	-22.78201
53.8339	-23.66504
53.9169	-24.75591
54.0013	-26.0644
54.0857	-27.60725
54.1716	-29.55967
54.2578	-32.10321
54.3422	-35.74126
54.4258	-40.34226
54.4979	-48.7975
54.5758	-42.22655
54.6599	-36.04635
54.7448	-32.97787
54.8164	-30.59893
54.8995	-29.0739
54.9695	-27.7367
55.0409	-26.56341
55.1292	-25.58697
55.213	-24.76253
55.2987	-24.10601
55.3844	-23.60007
55.4708	-23.219
55.5534	-22.94298
55.6367	-22.74982
55.7224	-22.66446
55.8138	-22.68776
55.8948	-22.76044
55.9794	-22.91116
56.0716	-23.1612
56.1542	-23.46054
56.2365	-23.89389
56.325	-24.38949
56.4133	-24.94474
56.4958	-25.64635
56.5807	-26.40271
56.6641	-27.13786
56.737	-27.92102
56.8078	-28.99206
56.8961	-30.16518
56.9792	-31.48249
57.0633	-32.82799
57.1469	-34.09417
57.2307	-34.84428
57.3083	-35.23582
57.393	-34.93927
57.4745	-34.17417
57.5578	-33.3144
57.6294	-32.21099
57.7135	-31.2845
57.7966	-30.52385
57.8745	-29.84726
57.9563	-29.22912
58.0513	-28.76548
58.1328	-28.47961
58.2154	-28.31544
58.2987	-28.20126
58.3839	-28.24992
58.4685	-28.37968
58.5568	-28.62245
58.6406	-28.97749
58.7224	-29.45414
58.8089	-29.89495
58.8794	-30.35269
58.951	-30.97738
59.0341	-31.57084
59.1232	-32.09343
59.2055	-32.47004
59.2875	-32.50519
59.3625	-32.21016
59.4542	-31.64545
59.5354	-30.82072
59.619	-29.90735
59.7039	-28.90326
59.7945	-28.07923
59.8771	-27.29615
59.9596	-26.65897
60.0341	-25.95523
60.1242	-25.28694
60.2117	-24.68656
60.3003	-24.16579
60.3846	-23.71946
60.4693	-23.39084
60.5594	-23.12363
60.6417	-22.90519
60.724	-22.71617
60.8078	-22.60096
60.881	-22.53209
60.9635	-22.53322
61.0417	-22.61065
61.1255	-22.70994
61.2099	-22.84886
61.294	-23.00903
61.3721	-23.16033
61.457	-23.37838
61.5396	-23.5672
61.6201	-23.79015
61.7018	-24.03377
61.7846	-24.22243
61.8784	-24.32577
61.9617	-24.42846
62.0435	-24.51597
62.1279	-24.54616
62.2102	-24.50463
62.282	-24.43265
62.3534	-24.30791
62.4438	-24.124
62.5263	-23.86604
62.6089	-23.60118
62.7029	-23.30985
62.7849	-23.0034
62.868	-22.74389
62.9518	-22.48817
63.0344	-22.28933
63.1063	-22.07935
63.1909	-21.91535
63.2732	-21.8083
63.3448	-21.73394
63.4221	-21.70081
63.5052	-21.71212
63.5875	-21.74414
63.6615	-21.82611
63.7438	-21.93546
63.8135	-22.07093
63.8924	-22.28918
63.9758	-22.53589
64.0583	-22.82593
64.1422	-23.11399
64.2146	-23.50703
64.2971	-23.88052
64.3685	-24.40892
64.4589	-25.01797
64.5404	-25.71725
64.6229	-26.50039
64.7057	-27.27943
64.7776	-28.10775
64.85	-29.36449
64.9409	-30.67696
65.0234	-32.37101
65.1078	-34.29226
65.1922	-36.6423
65.2841	-39.47345
65.3648	-42.77311
65.451	-44.76893
65.5359	-43.16023
65.6247	-40.17692
65.7078	-37.92611
65.7893	-36.1084
65.8727	-34.79391
65.9664	-33.91191
66.0422	-33.24636
66.1115	-32.74969
66.1831	-32.31726
66.2609	-31.99327
66.3424	-31.79292
66.4294	-31.78042
66.512	-31.95696
66.5953	-32.14164
66.6724	-32.37108
66.7555	-32.81487
66.8396	-33.26582
66.9091	-33.86383
66.982	-34.72244
67.0638	-35.67804
67.1435	-37.05146
67.2284	-38.44847
67.3112	-39.94603
67.3906	-41.63421
67.4732	-43.36069
67.5565	-42.954
67.6385	-41.24764
67.7122	-39.1605
67.7964	-37.31181
67.8792	-35.95796
67.9563	-34.6185
68.0385	-33.48259
68.1104	-32.60775
68.181	-31.80223
68.2536	-31.05607
68.3456	-30.45542
68.4276	-29.98374
68.5221	-29.53816
68.6039	-29.22712
68.6883	-28.95983
68.7711	-28.85561
68.8521	-28.82971
68.9339	-28.88736
69.0169	-28.98092
69.1003	-29.09797
69.1951	-29.32993
69.2771	-29.65257
69.3701	-30.14836
69.4529	-30.69247
69.5362	-31.17858
69.6081	-31.81023
69.7003	-32.58273
69.7826	-33.35488
69.8664	-34.24842
69.9513	-35.03871
70.0292	-35.9046
70.1125	-36.53614
70.1953	-36.80671
70.2688	-36.51151
70.3589	-35.99786
70.4417	-35.16269
70.5247	-34.32635
70.612	-33.5401
70.7005	-32.69094
70.7833	-31.63659
70.9133	-30.91455
70.9971	-30.34594
71.0901	-29.92465
71.1716	-29.59835
71.2547	-29.3498
71.3375	-29.12583
71.4211	-28.93434
71.4924	-28.80837
71.5622	-28.76048
71.6336	-28.72491
71.7193	-28.84063
71.8076	-28.93335
71.8901	-29.00508
71.9766	-29.17086
72.0669	-29.30046
72.1492	-29.57257
72.2362	-29.73374
72.326	-29.97724
72.4089	-30.02435
72.5031	-30.0882
72.5859	-30.12359
72.6706	-30.0945
72.7526	-30.00914
72.8245	-29.78493
72.9086	-29.54463
72.9815	-29.23592
73.069	-28.89812
73.1622	-28.65184
73.2451	-28.32881
73.3273	-27.97725
73.4104	-27.70515
73.4945	-27.50119
73.5648	-27.31853
73.6359	-27.16964
73.7076	-27.08238
73.7922	-26.91743
73.8807	-26.85308
73.9638	-26.80722
74.051	-26.88616
74.1339	-26.95956
74.2104	-27.13042
74.2938	-27.28929
74.3781	-27.5756
74.4628	-27.82714
74.5529	-28.24218
74.6354	-28.796
74.7193	-29.37234
74.8109	-30.08214
74.8958	-30.82074
74.976	-31.75038
75.0638	-32.83635
75.1461	-34.32083
75.2341	-36.1344
75.3188	-38.15206
75.4029	-40.77761
75.4885	-43.50494
75.5659	-48.1241
75.6516	-47.56997
75.7359	-43.73431
75.812	-40.31829
75.8956	-38.0356
75.9773	-36.27368
76.0599	-34.80158
76.1445	-33.76974
76.2138	-32.8466
76.2862	-32.03466
76.3573	-31.34978
76.4417	-30.80021
76.532	-30.33727
76.6141	-29.95205
76.6979	-29.55792
76.7833	-29.34258
76.8669	-29.229
76.9372	-29.16035
77.013	-29.14546
77.0971	-29.19041
77.1805	-29.30757
77.2643	-29.45286
77.3495	-29.66482
77.4385	-29.95927
77.5255	-30.33192
77.6135	-30.83017
77.7003	-31.35385
77.7849	-31.92753
77.8745	-32.55887
77.957	-33.20904
78.0393	-34.0789
78.1336	-34.89687
78.2154	-35.70685
78.2977	-36.51448
78.3849	-37.06095
78.4635	-37.68367
78.5451	-38.08177
78.6284	-38.19957
78.7099	-37.953
78.806	-37.54865
78.8862	-37.10427
78.9701	-36.63707
79.0529	-36.29629
79.1245	-35.89136
79.2086	-35.5794
79.2997	-35.21703
79.3813	-35.0032
79.4641	-34.96676
79.5471	-35.06617
79.6305	-35.12018
79.7034	-35.26299
79.775	-35.54634
79.8646	-35.79828
79.9474	-36.35775
80.0292	-37.01899
80.1128	-37.78097
80.1966	-38.64695
80.2773	-39.66383
80.3596	-40.66192
80.4422	-41.64627
80.5273	-42.27167
80.6122	-42.4028
80.7013	-41.95084
80.7828	-40.94458
80.8771	-39.66932
80.9596	-38.17513
81.0547	-36.90458
81.1375	-35.86113
81.2188	-34.87086
81.3034	-34.11707
81.388	-33.44413
81.4779	-32.76274
81.5612	-32.17515
81.6487	-31.63383
81.7378	-31.24409
81.8203	-30.97271
81.9138	-30.75344
81.9961	-30.51691
82.0786	-30.4161
82.1659	-30.33633
82.2471	-30.33673
82.3258	-30.40558
82.4083	-30.5355
82.4909	-30.78094
82.5768	-30.97962
82.6617	-31.3308
82.7497	-31.72483
82.8323	-32.25073
82.9146	-32.84732
82.9982	-33.40335
83.068	-34.15212
83.1544	-34.8852
83.2242	-35.72847
83.2958	-36.986
83.3799	-38.5739
83.4661	-40.36941
83.5518	-42.75955
83.6378	-45.89469
83.7276	-51.22187
83.8112	-56.93173
83.8831	-52.95663
83.9771	-47.33725
84.0607	-43.81372
84.1523	-41.46778
84.2341	-39.72023
84.3208	-38.42572
84.4107	-37.23847
84.494	-36.3508
84.5773	-35.5475
84.6628	-34.89836
84.7523	-34.43267
84.8354	-33.98857
84.9201	-33.68592
85.0005	-33.3905
85.0807	-33.1828
85.1654	-33.02715
85.2492	-32.85308
85.3336	-32.80706
85.4177	-32.67351
85.5073	-32.65598
85.5885	-32.6425
85.6651	-32.55673
85.7544	-32.51942
85.8359	-32.50873
85.9206	-32.4693
85.9924	-32.39225
86.0768	-32.35456
86.1672	-32.28102
86.249	-32.14759
86.3326	-32.08601
86.4042	-31.96035
86.4758	-31.85789
86.5471	-31.76008
86.6193	-31.58823
86.7076	-31.44815
86.7909	-31.3961
86.8732	-31.31974
86.943	-31.25806
87.0159	-31.20221
87.0992	-31.1842
87.169	-31.16623
87.2409	-31.20513
87.3326	-31.2938
87.4148	-31.45652
87.4966	-31.66259
87.5909	-31.90049
87.6747	-32.18064
87.7565	-32.58207
87.8427	-33.11121
87.9333	-33.67968
88.0159	-34.34357
88.1005	-35.08609
88.1849	-36.09237
88.2674	-36.99719
88.3456	-38.33261
88.4271	-40.08409
88.5117	-42.17024
88.5969	-44.58147
88.668	-47.78078
88.7586	-51.18556
88.8393	-49.15219
88.9234	-45.8619
88.9935	-42.95501
89.0771	-40.50085
89.1576	-38.64672
89.2419	-36.9616
89.324	-35.66552
89.4091	-34.52763
89.4997	-33.529
89.5823	-32.68549
89.6667	-32.04219
89.7505	-31.50019
89.8206	-31.05635
89.8917	-30.63161
89.9635	-30.2448
90.0526	-29.88768
90.1359	-29.59629
90.2174	-29.41232
90.301	-29.26972
90.3727	-29.17293
90.4471	-29.06829
90.5349	-29.04106
90.6201	-29.11132
90.7042	-29.18193
90.7891	-29.32428
90.8779	-29.55503
90.9646	-29.83433
91.0461	-30.08763
91.118	-30.35637
91.1891	-30.7451
91.2659	-31.26335
91.3492	-31.8596
91.4318	-32.43901
91.513	-33.18302
91.5896	-33.87707
91.6661	-34.89213
91.7495	-36.07382
91.832	-37.14563
91.9039	-38.53877
91.9768	-40.49397
92.0664	-42.36984
92.15	-44.84471
92.2326	-46.61758
92.3154	-46.61206
92.387	-45.11594
92.4672	-42.86599
92.5495	-40.78663
92.632	-39.08277
92.7146	-37.76545
92.8005	-36.64531
92.8846	-35.62693
92.9737	-34.7757
93.0578	-34.07341
93.1411	-33.48846
93.2336	-32.97795
93.3154	-32.57807
93.3995	-32.27753
93.4919	-32.05278
93.575	-31.86556
93.6576	-31.73445
93.7409	-31.67399
93.8159	-31.66529
93.9039	-31.76918
93.9891	-31.84077
94.0714	-31.98029
94.143	-32.19184
94.226	-32.42034
94.3047	-32.71262
94.387	-33.16906
94.4703	-33.51682
94.5419	-33.96259
94.6154	-34.56308
94.706	-35.22697
94.7875	-36.03542
94.8737	-36.89994
94.9557	-37.86815
95.0255	-38.7748
95.1055	-40.28405
95.1888	-41.90439
95.2732	-43.83429
95.3443	-46.58518
95.4292	-50.15409
95.5177	-56.98619
95.6003	-65.29131
95.6836	-54.00059
95.7661	-49.06751
95.8477	-45.9638
95.9318	-43.88085
96.0148	-42.3527
96.0982	-41.09259
96.1773	-40.13004
96.262	-39.13118
96.3547	-38.49224
96.4365	-37.93661
96.5203	-37.43206
96.606	-37.11318
96.6771	-36.71856
96.7664	-36.52941
96.8508	-36.34961
96.932	-36.24662
97.0263	-36.18956
97.1078	-36.21925
97.1904	-36.23314
97.2617	-36.33379
97.3464	-36.39933
97.4299	-36.61186
97.5206	-36.79419
97.6026	-37.15279
97.6865	-37.27766
97.7615	-37.60838
97.844	-37.84567
97.9206	-38.29491
98.0031	-38.74691
98.0914	-39.15017
98.1797	-39.50019
98.2677	-39.77545
98.3508	-39.97963
98.4211	-40.41784
98.5096	-40.54585
98.594	-40.74824
98.6773	-40.79121
98.7607	-40.94722
98.8393	-40.99479
98.9227	-40.96611
99.0049	-41.11727
99.0867	-41.07757
99.163	-40.89962
99.2406	-41.06379
99.3232	-41.00096
99.4073	-40.88721
99.4997	-40.80945
99.5815	-40.6885
99.6661	-40.71582
99.7565	-40.6913
99.8427	-40.72853
99.926	-40.64384
100.018	-40.59097
100.0997	-40.43269
100.1831	-40.36524
100.2659	-40.25331
100.3409	-40.127
100.4302	-39.87017
100.512	-39.6596
100.5966	-39.50549
100.6768	-39.16543
100.7594	-38.87514
100.8427	-38.7705
100.9367	-38.44057
101.0115	-38.25592
101.0823	-37.90796
101.1716	-37.54274
101.2542	-37.33001
101.3417	-37.14533
101.4318	-36.99961
101.5143	-36.71057
101.6081	-36.5232
101.6898	-36.32096
101.7721	-36.13906
101.8563	-36.09166
101.9263	-36.0545
101.9979	-36.05867
102.0828	-35.97054
102.1654	-36.03495
102.2432	-36.07096
102.3271	-36.12458
102.4096	-36.31477
102.5034	-36.51719
102.5857	-36.75095
102.669	-36.98839
102.7523	-37.32653
102.838	-37.60769
102.9224	-38.02351
103.0109	-38.41358
103.0914	-38.87858
103.1745	-39.21721
103.2445	-39.74319
103.331	-40.06381
103.4185	-40.38745
103.5044	-40.69078
103.5865	-40.77505
103.6701	-40.69134
103.7542	-40.53903
103.8336	-40.36943
103.9159	-39.77809
104	-39.43998
104.0716	-39.05118
104.156	-38.3676
104.2456	-37.91912
104.3315	-37.37448
104.4146	-37.02182
104.4852	-36.5409
104.5563	-36.33096
104.6279	-35.96811
104.7169	-35.53379
104.8	-35.20011
104.8823	-34.94089
104.9701	-34.68475
105.0529	-34.53009
105.1224	-34.42356
105.1992	-34.28675
105.2831	-34.18873
105.3656	-34.08814
105.4513	-34.11331
105.5346	-34.19081
105.6128	-34.23098
105.6945	-34.3268
105.7779	-34.53384
105.863	-34.68872
105.9417	-34.90725
106.0242	-35.15063
106.1089	-35.45954
106.2003	-35.85434
106.2841	-36.26165
106.3661	-36.71415
106.45	-37.04572
106.5341	-37.42726
106.6141	-37.83367
106.6956	-38.27414
106.781	-38.68891
106.8648	-39.10303
106.9557	-39.2998
107.0383	-39.52771
107.1216	-39.4344
107.193	-39.26212
107.2643	-39.17187
107.349	-38.94773
107.4193	-38.6689
107.4966	-38.11617
107.5799	-37.814
107.6617	-37.37207
107.7445	-36.98513
107.826	-36.46218
107.9109	-36.08923
107.9956	-35.67385
108.0781	-35.34428
108.1612	-35.1593
108.2406	-34.77378
108.3219	-34.63652
108.406	-34.42199
108.4859	-34.23442
108.5706	-34.10292
108.6513	-33.99437
108.7346	-33.9288
108.8188	-33.96734
108.9026	-34.00956
108.9932	-34.06242
109.075	-34.18658
109.1594	-34.39547
109.2424	-34.49501
109.3138	-34.78106
109.4031	-34.96023
109.487	-35.31346
109.5813	-35.66996
109.6659	-36.0766
109.7464	-36.50194
109.8299	-36.88105
109.9229	-37.34851
110.007	-37.75454
110.0885	-38.23645
110.1635	-38.69756
110.2534	-39.00245
110.3359	-39.21418
110.4219	-39.4188
110.5128	-39.22247
110.5943	-39.18389
110.6776	-38.91056
110.7602	-38.54369
110.8534	-38.14579
110.9367	-37.78628
111.0203	-37.18806
111.1133	-36.82363
111.1935	-36.39103
111.2781	-35.97919
111.3607	-35.56677
111.4563	-35.15251
111.5375	-34.9636
111.6224	-34.65119
111.7133	-34.39232
111.7974	-34.26701
111.882	-34.14227
111.9732	-34.09896
112.0557	-34.00085
112.1372	-34.01633
112.2208	-34.01449
112.3003	-34.0821
112.3854	-34.21548
112.468	-34.33032
112.5544	-34.58623
112.6445	-34.83567
112.7271	-35.0549
112.8099	-35.27697
112.8852	-35.62588
112.9674	-36.03356
113.0451	-36.4819
113.1266	-36.91009
113.2146	-37.36165
113.2961	-37.71666
113.3685	-38.0829
113.4565	-38.35467
113.5398	-38.67085
113.6331	-38.96027
113.7156	-38.92012
113.799	-38.82075
113.8938	-38.71827
113.9789	-38.34887
114.0596	-38.23219
114.1315	-37.88087
114.2109	-37.60261
114.2927	-37.18389
114.3771	-36.85751
114.4599	-36.59311
114.5297	-36.30625
114.6117	-35.92002
114.6945	-35.58405
114.7766	-35.43145
114.8602	-35.17663
114.9401	-34.9545
115.024	-34.82588
115.1055	-34.73224
115.1888	-34.71424
115.2755	-34.73735
115.3648	-34.69975
115.4479	-34.81047
115.5323	-34.96254
115.6023	-35.1252
115.6833	-35.2759
115.7651	-35.56213
115.8484	-35.91793
115.9229	-36.20379
116.0133	-36.52449
116.0948	-36.81099
116.1781	-37.35308
116.2698	-37.84971
116.3549	-38.52156
116.4375	-38.9436
116.5211	-39.56863
116.6141	-39.87408
116.6956	-40.30574
116.7792	-40.60685
116.8638	-40.72874
116.9354	-40.80055
117.0146	-40.83007
117.0997	-40.38707
117.1826	-39.92902
117.2617	-39.18864
117.344	-38.67476
117.4302	-38.17334
117.5138	-37.86198
117.593	-37.46005
117.6732	-37.02766
117.7578	-36.61857
117.8409	-36.31428
117.9102	-35.89135
117.9904	-35.5884
118.0737	-35.59277
118.157	-35.51818
118.2393	-35.44081
118.3211	-35.37228
118.4042	-35.30613
118.4867	-35.51379
118.5734	-35.65401
118.6625	-35.90653
118.7458	-36.4052
118.8284	-36.76525
118.9133	-37.14095
119.0049	-37.62105
119.0904	-38.26299
119.1732	-38.95775
119.2438	-39.74864
119.3229	-40.78603
119.4055	-41.85717
119.4872	-42.89505
119.563	-44.24829
119.6529	-46.48957
119.7367	-48.76157
119.8201	-51.78761
119.9047	-55.7097
119.9828	-56.66349
120.0641	-53.79745
120.1484	-50.62645
120.2328	-47.87844
120.3159	-45.6925
120.394	-44.34957
120.4763	-43.45473
120.5596	-42.27087
120.6531	-41.44493
120.738	-40.93636
120.8221	-40.4143
120.9003	-39.90896
120.9828	-39.78258
121.0654	-39.73314
121.1487	-39.55929
121.232	-39.67255
121.3029	-39.80835
121.387	-39.81491
121.4589	-40.2611
121.5482	-41.15364
121.6323	-41.81803
121.7159	-42.27228
121.7987	-43.0135
121.8688	-43.68258
121.9469	-44.25926
122.0313	-45.83813
122.1138	-46.31441
122.199	-45.78934
122.2844	-45.12077
122.3669	-43.94825
122.4448	-42.57645
122.5268	-41.09964
122.6117	-39.9489
122.6969	-38.85078
122.7737	-37.77209
122.8596	-36.78872
122.95	-35.90361
123.0328	-35.09127
123.1156	-34.55339
123.1904	-33.86983
123.2732	-33.41488
123.343	-33.16151
123.4133	-32.69554
123.4846	-32.3343
123.5747	-32.02667
123.6604	-31.72938
123.7451	-31.52781
123.8333	-31.53519
123.9169	-31.48057
124.0013	-31.49744
124.0924	-31.58042
124.175	-31.85298
124.2693	-31.98822
124.3516	-32.13835
124.4383	-32.66521
124.5294	-33.13057
124.6107	-33.40726
124.7049	-33.88515
124.7872	-34.68316
124.8729	-35.12171
124.9578	-35.17498
125.0458	-35.60788
125.1289	-35.88322
125.2117	-35.26229
125.2961	-34.77465
125.3875	-34.41603
125.4714	-33.6305
125.5539	-32.71088
125.6258	-32.12442
125.7112	-31.25679
125.7945	-30.4011
125.8711	-29.8987
125.9534	-29.18143
126.0419	-28.35408
126.131	-27.89605
126.2159	-27.41211
126.3068	-26.75631
126.3914	-26.3571
126.4737	-26.14057
126.5581	-25.75572
126.6484	-25.45366
126.7307	-25.35201
126.8146	-25.12151
126.9076	-24.88018
126.9911	-24.9211
127.075	-24.8866
127.1589	-24.74561
127.2492	-24.87724
127.3315	-24.98607
127.4148	-24.94922
127.5065	-25.12425
127.5924	-25.34198
127.6732	-25.32157
127.7557	-25.55395
127.8419	-25.89872
127.9247	-25.92534
128.0029	-26.31622
128.0857	-26.62112
128.169	-26.63281
128.2404	-26.93451
128.3219	-26.8493
128.4044	-26.83879
128.4917	-26.98667
128.581	-26.84559
128.6633	-26.59403
128.7466	-26.55809
128.8214	-26.10723
128.9099	-25.75489
128.9948	-25.50467
129.0771	-25.05711
129.1581	-24.79255
129.2398	-24.42028
129.3247	-23.96907
129.4073	-23.75353
129.4784	-23.34317
129.562	-23.13217
129.6344	-22.84724
129.7234	-22.56834
129.8167	-22.37763
129.9	-22.18788
129.9818	-22.02669
130.0664	-21.955
130.1375	-21.84696
130.2247	-21.79777
130.3135	-21.78342
130.394	-21.76538
130.4773	-21.82867
130.5599	-21.93056
130.6422	-22.01938
130.7174	-22.15288
130.7878	-22.24667
130.8594	-22.40535
130.9357	-22.54653
131.0193	-22.74991
131.1021	-22.99818
131.1818	-23.22599
131.2664	-23.56778
131.3487	-23.81871
131.432	-23.99843
131.5036	-24.29124
131.5867	-24.43345
131.6589	-24.70999
131.7495	-24.81816
131.831	-24.87388
131.9154	-24.91662
131.999	-24.82633
132.0703	-24.86794
132.1398	-24.73204
132.2125	-24.71324
132.2951	-24.54917
132.3732	-24.35628
132.4557	-24.22201
132.5388	-23.98282
132.6201	-23.82692
132.7026	-23.63633
132.7862	-23.53929
132.8612	-23.46734
132.9508	-23.34852
133.0323	-23.35477
133.1167	-23.26431
133.1898	-23.26966
133.2732	-23.25052
133.3448	-23.29566
133.4328	-23.45424
133.5188	-23.58759
133.6	-23.82658
133.6719	-23.9953
133.7508	-24.31165
133.8341	-24.57318
133.9156	-24.91124
134.0034	-25.33477
134.0924	-25.7644
134.175	-26.34745
134.2607	-26.9267
134.3453	-27.51889
134.4161	-28.15399
134.5055	-28.88299
134.587	-29.43769
134.6703	-30.07867
134.7638	-30.71148
134.8484	-31.21101
134.9307	-31.83707
135.0151	-32.26679
135.1063	-32.77838
135.1878	-32.94714
135.2719	-33.08959
135.3544	-32.94566
135.4292	-32.85433
135.5174	-32.84899
135.6021	-32.63826
135.6865	-32.95256
135.7573	-32.76121
135.8464	-33.18093
135.9307	-33.05865
136.0169	-33.5318
136.1078	-33.80988
136.193	-34.33468
136.274	-35.0103
136.3461	-35.57344
136.4305	-36.43864
136.501	-37.13671
136.5893	-38.44571
136.6719	-38.27931
136.7565	-38.74256
136.8279	-38.04103
136.899	-36.92692
136.9844	-35.63061
137.0724	-34.36109
137.1549	-32.94512
137.2385	-31.96183
137.3237	-30.74179
137.407	-30.04141
137.4771	-29.32521
137.5466	-28.66441
137.6182	-28.06481
137.7083	-27.56628
137.7927	-26.88223
137.8823	-26.61824
137.9602	-26.06835
138.0305	-25.84751
138.1096	-25.41944
138.1948	-25.26096
138.276	-25.03126
138.3461	-24.99289
138.4208	-25.01593
138.5102	-25.18005
138.5917	-25.31599
138.6763	-25.71336
138.7599	-25.93856
138.831	-26.37163
138.9034	-26.70369
138.993	-27.35309
139.0747	-27.71575
139.1628	-28.26936
139.2445	-28.46415
139.3159	-28.84775
139.4044	-29.00127
139.4883	-29.05925
139.5714	-29.19683
139.6414	-29.01422
139.7161	-28.60754
139.8057	-27.57239
139.8888	-26.87637
139.9734	-25.74684
140.0523	-25.02576
140.1362	-23.88779
140.2208	-23.38508
140.3055	-22.60265
140.382	-22.23546
140.4646	-21.51469
140.5516	-21.32803
140.6411	-20.70742
140.7242	-20.51383
140.8089	-20.00495
140.9013	-19.8541
140.9857	-19.47225
141.0693	-19.3991
141.1526	-19.1266
141.2435	-19.13011
141.3245	-19.02768
141.4091	-19.22835
141.4891	-19.28482
141.5721	-19.73425
141.6549	-19.95376
141.7378	-20.49427
141.8125	-20.74276
141.9023	-21.38776
141.9854	-21.66131
142.0695	-22.32456
142.149	-22.70708
142.232	-23.61225
142.3151	-24.16227
142.4	-25.06515
142.4703	-25.64709
142.5503	-26.80214
142.6315	-27.68957
142.7151	-28.93612
142.7992	-29.39962
142.8708	-29.79346
142.9547	-29.45805
143.0435	-28.96573
143.1286	-27.96379
143.2133	-27.19058
143.2969	-26.28236
143.3852	-25.65696
143.469	-25.00183
143.551	-24.55825
143.6354	-24.02274
143.719	-23.71707
143.7987	-23.26028
143.8805	-22.99936
143.963	-22.68474
144.0482	-22.55279
144.1318	-22.39257
144.2042	-22.30562
144.2867	-22.35738
144.3565	-22.32522
144.4333	-22.62653
144.5164	-22.81671
144.6008	-23.4328
144.693	-23.95507
144.775	-24.84225
144.8625	-25.72901
144.9521	-26.78681
145.0359	-27.9282
145.1182	-29.01139
145.1995	-30.65341
145.282	-32.04476
145.3656	-34.07214
145.4487	-34.69635
145.5214	-35.34098
145.6031	-33.77932
145.6747	-32.33861
145.7656	-30.10512
145.8484	-28.6649
145.9305	-27.13216
146.0159	-26.05738
146.1003	-25.08429
146.1888	-24.21942
146.2753	-23.56224
146.3656	-22.94575
146.449	-22.62818
146.5333	-22.22471
146.6172	-22.08545
146.6964	-21.87452
146.7831	-21.81025
146.8721	-21.75786
146.9555	-21.76579
147.0378	-21.92136
147.1206	-21.99302
147.1948	-22.24202
147.2852	-22.48407
147.3667	-22.83099
147.4495	-23.20996
147.5323	-23.53269
147.6034	-24.01928
147.6867	-24.38843
147.7581	-24.7985
147.8315	-25.26911
147.9086	-25.81896
147.9919	-26.33696
148.0737	-26.68539
148.1464	-27.02353
148.237	-27.1604
148.3216	-27.12788
148.4031	-26.98084
148.4859	-26.68263
148.5719	-26.21707
148.6557	-25.63249
148.7448	-25.12326
148.8273	-24.52746
148.9104	-24.22744
148.994	-23.95923
149.0667	-23.75041
149.1513	-23.67662
149.2219	-23.47232
149.3109	-23.39068
149.394	-23.35414
149.4786	-23.32974
149.5599	-23.52935
149.6398	-23.82363
149.7263	-24.22484
149.8107	-24.71505
149.8857	-25.37663
149.9688	-26.20162
150.0523	-27.16045
150.1354	-28.28933
150.2195	-29.30548
150.2938	-30.58486
150.3841	-31.48738
150.4703	-31.7192
150.5526	-31.39127
150.6297	-30.67266
150.712	-29.49517
150.7951	-28.46804
150.8698	-27.406
150.9602	-26.27443
151.0417	-25.15674
151.1255	-24.32886
151.2104	-23.54924
151.2932	-23.06751
151.3716	-22.77164
151.456	-22.39376
151.5372	-22.19867
151.6203	-22.10947
151.6935	-21.9114
151.7781	-21.78214
151.8661	-21.70017
151.9495	-21.61721
152.0339	-21.63848
152.1042	-21.88913
152.174	-22.1924
152.2461	-22.77578
152.3286	-23.59354
152.3997	-24.58508
152.4911	-25.65662
152.5729	-26.89556
152.6589	-27.66924
152.7435	-28.26965
152.8328	-28.42271
152.9161	-27.86195
152.9995	-26.97996
153.0854	-25.88038
153.1617	-24.40686
153.2453	-23.27576
153.3284	-21.87652
153.4208	-20.75469
153.5042	-19.84977
153.5859	-19.02784
153.6807	-18.33656
153.7625	-17.73286
153.8456	-17.24327
153.9169	-16.74701
153.9969	-16.21139
154.0747	-15.79594
154.1445	-15.40921
154.224	-15.01889
154.3044	-14.72235
154.3919	-14.52815
154.4753	-14.43254
154.5516	-14.36774
154.6341	-14.39607
154.7195	-14.43109
154.8026	-14.45285
154.8721	-14.49948
154.9508	-14.58248
155.0354	-14.64931
155.1177	-14.75888
155.1901	-15.01113
155.2633	-15.39243
155.3526	-15.97486
155.4362	-16.7743
155.5174	-17.87728
155.606	-19.10134
155.694	-20.61662
155.7773	-22.2552
155.8602	-23.78746
155.9432	-25.00659
156.024	-26.28133
156.1008	-27.14048
156.1779	-28.13813
156.2594	-29.22095
156.3427	-29.44943
156.4281	-28.76161
156.4982	-27.32514
156.5776	-25.354
156.6607	-23.35244
156.7438	-21.69371
156.8302	-20.42711
156.919	-19.38729
157.0023	-18.68316
157.0891	-18.32246
157.1799	-18.19307
157.2607	-18.28454
157.3461	-18.62387
157.4375	-19.0147
157.5206	-19.31144
157.5958	-19.68406
157.6854	-19.79896
157.7672	-19.66458
157.8505	-19.39935
157.9341	-19.1869
158.0083	-18.95536
158.0852	-18.88226
158.1674	-18.95474
158.2508	-19.35764
158.3333	-20.0041
158.4188	-20.89551
158.5091	-22.26955
158.5948	-24.35554
158.6789	-26.94693
158.7625	-29.73603
158.8318	-32.34968
158.9096	-31.9172
158.9922	-28.57894
159.0766	-25.93798
159.1591	-24.28189
159.2396	-22.9251
159.3206	-22.08605
159.4052	-21.80085
159.4875	-22.1352
159.5711	-22.76409
159.6427	-23.3724
159.7143	-24.64362
159.8047	-26.77492
159.8885	-29.21777
159.9701	-31.3575
160.0531	-33.16375
160.1229	-35.74117
160.2073	-35.2913
160.2802	-34.18322
160.3635	-35.01503
160.4339	-38.89068
160.5117	-44.95326
160.594	-44.668
160.6776	-34.71395
160.7706	-29.56069
160.8523	-26.60386
160.9357	-24.24626
161.0201	-22.05574
161.1042	-20.45861
161.1745	-19.21082
161.2536	-18.20029
161.3359	-17.22551
161.4185	-16.2808
161.5021	-15.55824
161.5875	-15.13549
161.6773	-14.78083
161.7617	-14.4684
161.8531	-14.33002
161.9367	-14.49262
162.024	-14.65711
162.1055	-14.90577
162.1768	-15.31768
162.2607	-15.91093
162.3513	-16.54422
162.4372	-17.10061
162.5253	-17.68411
162.6083	-18.33191
162.6911	-18.8886
162.7641	-19.24581
162.8474	-19.3905
162.9198	-19.68588
163.0094	-20.3877
163.0911	-21.26665
163.1792	-21.95171
163.2674	-22.67217
163.3505	-24.08025
163.4333	-25.56471
163.5063	-25.2645
163.5878	-23.4109
163.6594	-21.39189
163.7516	-19.72663
163.8331	-17.95117
163.9177	-16.13263
164.0099	-14.74452
164.0932	-13.93982
164.1747	-13.34221
164.2586	-12.72305
164.343	-12.14974
164.4128	-11.60845
164.4849	-11.27627
164.563	-11.12064
164.6495	-10.98048
164.7401	-10.63039
164.8234	-10.21991
164.9049	-9.985
164.9891	-9.99628
165.0815	-10.07436
165.1669	-9.99429
165.2518	-9.81923
165.3341	-9.78147
165.4057	-10.01937
165.4953	-10.51384
165.5807	-10.91341
165.6714	-11.11482
165.7539	-11.29316
165.8388	-11.75261
165.9216	-12.45513
166.0003	-13.4147
166.0836	-14.26091
166.1661	-14.95607
166.251	-15.74989
166.3221	-17.32146
166.4049	-19.22887
166.475	-21.86383
166.5547	-25.24597
166.6375	-29.04534
166.7224	-36.25191
166.806	-42.35432
166.8836	-28.94159
166.9667	-24.16523
167.0596	-21.99256
167.1438	-20.63232
167.2266	-19.22403
167.3086	-17.67024
167.3922	-16.20544
167.4781	-15.26181
167.5607	-14.76551
167.6378	-14.45476
167.7206	-14.13832
167.8036	-13.77724
167.8763	-13.43032
167.9464	-13.14634
168.018	-13.07618
168.1013	-13.26068
168.1779	-13.60697
168.2617	-14.0479
168.3443	-14.45201
168.4271	-14.90644
168.513	-15.40204
168.5859	-16.08194
168.6622	-17.22336
168.7466	-18.72477
168.8388	-20.75539
168.9258	-23.31361
169.0076	-26.38084
169.0799	-32.07359
169.1674	-48.18454
169.2521	-35.49679
169.3346	-28.92203
169.4279	-24.64065
169.5104	-21.59236
169.5958	-19.0306
169.6799	-17.18356
169.7628	-16.03609
169.8328	-15.20839
169.9117	-14.6356
169.9945	-14.31189
170.0771	-14.04021
170.1599	-13.72293
170.2333	-13.21612
170.3237	-12.65627
170.4055	-12.21944
170.4878	-11.99649
170.5724	-12.03572
170.6576	-12.29364
170.7354	-12.86373
170.8214	-13.59737
170.9107	-14.55945
170.9953	-15.45208
171.0784	-16.27201
171.1719	-16.89352
171.2536	-17.23844
171.3411	-17.28268
171.431	-16.98964
171.5135	-16.19962
171.6068	-15.11558
171.6914	-13.78981
171.7776	-12.57754
171.8669	-11.58166
171.9508	-10.9567
172.0352	-10.7642
172.1049	-10.83496
172.1849	-11.10761
172.2669	-11.161
172.3523	-10.47779
172.444	-8.85949
172.5263	-7.04187
172.6094	-5.67512
172.6799	-4.30563
172.7659	-3.36646
172.8573	-2.81892
172.9518	-2.79878
173.0323	-3.25014
173.1159	-4.26242
173.201	-6.03289
173.2911	-8.6738
173.3742	-11.25407
173.4451	-12.10255
173.5396	-9.07621
173.6151	-6.26343
173.6927	-3.81599
173.7742	-2.04402
173.8576	-0.88251
173.9393	-0.18025
174.0234	0.12324
174.0951	0.18419
174.1786	0.01138
174.2578	-0.36169
174.3424	-0.81346
174.4339	-1.12234
174.5161	-1.17099
174.5995	-0.9152
174.693	-0.43905
174.7755	0.12382
174.8695	0.62818
174.9521	1.10913
175.0445	1.50425
175.1286	1.95301
175.2135	2.5215
175.3052	3.23473
175.3878	4.1032
175.4711	5.00319
175.556	6.00348
175.6469	6.83134
175.7299	7.63679
175.8148	8.29448
175.906	8.85999
175.9893	9.32409
176.0708	9.71236
176.1544	9.99016
176.2258	10.28986
176.3091	10.54344
176.3826	10.84425
176.4714	11.1939
176.5596	11.56339
176.6414	11.97087
176.7305	12.39168
176.8154	12.73885
176.8867	13.08914
176.9661	13.44126
177.0466	13.78246
177.1313	14.05894
177.226	14.26805
177.307	14.40146
177.3948	14.4498
177.4776	14.42971
177.5557	14.32374
177.6375	14.12419
177.7229	13.84519
177.8044	13.53119
177.8763	13.13642
177.9492	12.69606
178.0193	12.18656
178.0969	11.5071
178.1794	10.75158
178.2669	10.03114
178.356	9.27715
178.4414	8.78875
178.524	8.57212
178.6026	8.63168
178.687	9.02066
178.7745	9.65284
178.8633	10.39416
178.9487	11.18472
179.0401	11.89017
179.1198	12.5928
179.2055	13.20961
179.2888	13.66355
179.3594	14.15362
179.4451	14.49865
179.5151	14.80757
179.5935	15.09707
179.6776	15.33094
179.7628	15.49803
179.8526	15.60811
179.9388	15.65888
180.0284	15.6448
180.1117	15.57378
180.1958	15.44543
180.287	15.2387
180.3732	14.99926
180.4544	14.72286
180.526	14.35772
180.6094	13.97091
180.6893	13.45109
180.7706	12.79753
180.8578	12.03341
180.9471	11.18384
181.0305	10.11813
181.1232	8.95004
181.1995	7.79981
181.2701	6.48294
181.3372	4.91391
181.4081	3.0994
181.4815	0.79569
181.5724	-0.68094
181.6602	-0.10449
181.7424	1.91802
181.8315	3.96829
181.919	5.80732