# Simulationsergebnisse für die Absorption des X-Band-Absorbers mit
# eingeloeteten SMD Widerstaenden. Parameter der Einheitszelle
# ĹUC = 14.25 mm, FR4 thickness = 3.2 mm, Lrectangle1 = 4 mm
# Lrectangle2 = 3 mm, radial position of (outer) resistors = 2 mm
# gaps = 0.6 mm, outer resistors = 310 Ohm, inner resistors = 30 Ohm
# epsFR4 = 4.4*(1+0.02*i)
# first column: frequency [GHz], second column: 1- Abs(S11)**2
1.500000000000000000e+00 4.860208546999866819e-03
1.510007412898443091e+00 5.134532261999891212e-03
1.520014825796886848e+00 5.382803421999926563e-03
1.530022238695329939e+00 5.603893074999866108e-03
1.540029651593772808e+00 5.791848322999948451e-03
1.550037064492216121e+00 5.941361390999988501e-03
1.560044477390660100e+00 6.055931207000098127e-03
1.570051890289102969e+00 6.131965319000065584e-03
1.580059303187546060e+00 6.170277557999925833e-03
1.590066716085990040e+00 6.177070934999973062e-03
1.600074128984432908e+00 6.151239693999999147e-03
1.610081541882876000e+00 6.098846242999944600e-03
1.620088954781320201e+00 6.026860699999914139e-03
1.630096367679763070e+00 5.937955285999940713e-03
1.640103780578206161e+00 5.843234630999893930e-03
1.650111193476649030e+00 5.747700555000068157e-03
1.660118606375093009e+00 5.655791662999898328e-03
1.670126019273535878e+00 5.577802947000165545e-03
1.680133432171978969e+00 5.518143630000027500e-03
1.690140845070422948e+00 5.480902327999803703e-03
1.700148257968866039e+00 5.473864767000069520e-03
1.710155670867309130e+00 5.500383390000029848e-03
1.720163083765751999e+00 5.562894015999964026e-03
1.730170496664195978e+00 5.662097280000111255e-03
1.740177909562639069e+00 5.797858382999954152e-03
1.750185322461081938e+00 5.974449314999907834e-03
1.760192735359525917e+00 6.185303000000086371e-03
1.770200148257969008e+00 6.428079554999910350e-03
1.780207561156411877e+00 6.700364158999883024e-03
1.790214974054855190e+00 6.997119411000118916e-03
1.800222386953298948e+00 7.312422263999973637e-03
1.810229799851742039e+00 7.640150962999747719e-03
1.820237212750184908e+00 7.977448664000075240e-03
1.830244625648628887e+00 8.313624853999890263e-03
1.840252038547071978e+00 8.646082507000052431e-03
1.850259451445514847e+00 8.965680406999965157e-03
1.860266864343957938e+00 9.269863622999974240e-03
1.870274277242402139e+00 9.555270015000116857e-03
1.880281690140845008e+00 9.813868030999928216e-03
1.890289103039288099e+00 1.004501286200010224e-02
1.900296515937732078e+00 1.024791436000005440e-02
1.910303928836174947e+00 1.042044253999985237e-02
1.920311341734618038e+00 1.056294405499991207e-02
1.930318754633060907e+00 1.067746623499987724e-02
1.940326167531505108e+00 1.076687424599998000e-02
1.950333580429948199e+00 1.083140383800007545e-02
1.960340993328391068e+00 1.087765161400000569e-02
1.970348406226835047e+00 1.091086310000000115e-02
1.980355819125277916e+00 1.093427005500002824e-02
1.990363232023721007e+00 1.095496801200013248e-02
2.000370644922163876e+00 1.097910732299989256e-02
2.010378057820608078e+00 1.100926534999979722e-02
2.020385470719050947e+00 1.105359480800005567e-02
2.030392883617494260e+00 1.111671058700003378e-02
2.040400296515938017e+00 1.120160493500010901e-02
2.050407709414380886e+00 1.131397717500004507e-02
2.060415122312824199e+00 1.145825263999988852e-02
2.070422535211267068e+00 1.163170795999990403e-02
2.080429948109710825e+00 1.183831259500001121e-02
2.090437361008153694e+00 1.207891733999999495e-02
2.100444773906597895e+00 1.235142019499979593e-02
2.110452186805041208e+00 1.265610367500002997e-02
2.120459599703484077e+00 1.298781514799995929e-02
2.130467012601926946e+00 1.334536558999999123e-02
2.140474425500371147e+00 1.372198546999991997e-02
2.150481838398814016e+00 1.411639057199987057e-02
2.160489251297256885e+00 1.452159646700001971e-02
2.170496664195701086e+00 1.493386799900009443e-02
2.180504077094143955e+00 1.534872129900000104e-02
2.190511489992587268e+00 1.575738374699997557e-02
2.200518902891029693e+00 1.616068993199992754e-02
2.210526315789473895e+00 1.655002845100017606e-02
2.220533728687917208e+00 1.692334997900013516e-02
2.230541141586360077e+00 1.727832217500002709e-02
2.240548554484804278e+00 1.761250573499983929e-02
2.250555967383246703e+00 1.792301713200006308e-02
2.260563380281690016e+00 1.821374879100012834e-02
2.270570793180132885e+00 1.847884546700007125e-02
2.280578206078577086e+00 1.872464825900010954e-02
2.290585618977019955e+00 1.895201909099997195e-02
2.300593031875462824e+00 1.916131682999999697e-02
2.310600444773907025e+00 1.935886997999991532e-02
2.320607857672349894e+00 1.954867019000006145e-02
2.330615270570793207e+00 1.973311993100013151e-02
2.340622683469236076e+00 1.992006528000023202e-02
2.350630096367680277e+00 2.011043245999988294e-02
2.360637509266122702e+00 2.031042635000002150e-02
2.370644922164566015e+00 2.052561372600014700e-02
2.380652335063010216e+00 2.076127065499977498e-02
2.390659747961453085e+00 2.101693424599992976e-02
2.400667160859896399e+00 2.129867155099995912e-02
2.410674573758338823e+00 2.160932297399997815e-02
2.420681986656783025e+00 2.194780958699993345e-02
2.430689399555225894e+00 2.231838298799992959e-02
2.440696812453670095e+00 2.271836463800003258e-02
2.450704225352112964e+00 2.314784720300000487e-02
2.460711638250555833e+00 2.360608861499979838e-02
2.470719051148999146e+00 2.409136839500003457e-02
2.480726464047442015e+00 2.459924930799994858e-02
2.490733876945886216e+00 2.512626260599992722e-02
2.500741289844329085e+00 2.567104994999991341e-02
2.510748702742771954e+00 2.622681503099999478e-02
2.520756115641215711e+00 2.679307749999992883e-02
2.530763528539659024e+00 2.735955027799985562e-02
2.540770941438101893e+00 2.792754111500017622e-02
2.550778354336545206e+00 2.849259644700019578e-02
2.560785767234988963e+00 2.904901587000008334e-02
2.570793180133431832e+00 2.959591029599994982e-02
2.580800593031876033e+00 3.012828025099989482e-02
2.590808005930318902e+00 3.064685567499980667e-02
2.600815418828762215e+00 3.114911558699995364e-02
2.610822831727204640e+00 3.163714798999994748e-02
2.620830244625647953e+00 3.210888353899998826e-02
2.630837657524092155e+00 3.256632252299984653e-02
2.640845070422535024e+00 3.301085696600014607e-02
2.650852483320978337e+00 3.344681221399981030e-02
2.660859896219421650e+00 3.387489345100014315e-02
2.670867309117864963e+00 3.430081441200016901e-02
2.680874722016307832e+00 3.472756682299993347e-02
2.690882134914752033e+00 3.515750397499994850e-02
2.700889547813195346e+00 3.559664306999998917e-02
2.710896960711637771e+00 3.604966233200002090e-02
2.720904373610081972e+00 3.651863487199979996e-02
2.730911786508524841e+00 3.700554852299986486e-02
2.740919199406968154e+00 3.751828857499983627e-02
2.750926612305411023e+00 3.805740153499992395e-02
2.760934025203855224e+00 3.862212665100017706e-02
2.770941438102297649e+00 3.921952455100008450e-02
2.780948851000740962e+00 3.984412743000009804e-02
2.790956263899184275e+00 4.050028972399977167e-02
2.800963676797628032e+00 4.118634797500020372e-02
2.810971089696071346e+00 4.190070897100006686e-02
2.820978502594513770e+00 4.264290685499994016e-02
2.830985915492957972e+00 4.340637906799993395e-02
2.840993328391400841e+00 4.419412472000006087e-02
2.851000741289845042e+00 4.499945294300000675e-02
2.861008154188288355e+00 4.581964562999985002e-02
2.871015567086730780e+00 4.664903862699998349e-02
2.881022979985174093e+00 4.748843007899994362e-02
2.891030392883616962e+00 4.833273266199988871e-02
2.901037805782061163e+00 4.917580052699999094e-02
2.911045218680504032e+00 5.001872337199997354e-02
2.921052631578946901e+00 5.085646436400004244e-02
2.931060044477389770e+00 5.168959443900000839e-02
2.941067457375833971e+00 5.251390435000002910e-02
2.951074870274277284e+00 5.332898737099978081e-02
2.961082283172720153e+00 5.413620303500021880e-02
2.971089696071163910e+00 5.493540418700004757e-02
2.981097108969606779e+00 5.572989835999997421e-02
2.991104521868050981e+00 5.651600243500010112e-02
3.001111934766493849e+00 5.730185423899991637e-02
3.011119347664937163e+00 5.808526991599993750e-02
3.021126760563379587e+00 5.887361597100004840e-02
3.031134173461822900e+00 5.966626031099997451e-02
3.041141586360267102e+00 6.047046398700017811e-02
3.051148999258709971e+00 6.128758323500005378e-02
3.061156412157153284e+00 6.212153769499995093e-02
3.071163825055595709e+00 6.297665931999996136e-02
3.081171237954039910e+00 6.385534094999989474e-02
3.091178650852482779e+00 6.475941241499982848e-02
3.101186063750926092e+00 6.569218927499975713e-02
3.111193476649370293e+00 6.665560578200002695e-02
3.121200889547812718e+00 6.765181051800006617e-02
3.131208302446256919e+00 6.867945089099980471e-02
3.141215715344699788e+00 6.973924344000004272e-02
3.151223128243143101e+00 7.083195993199975504e-02
3.161230541141585970e+00 7.195489464000004443e-02
3.171237954040030171e+00 7.310799318700000882e-02
3.181245366938473040e+00 7.428854268000018024e-02
3.191252779836915909e+00 7.549366554999992207e-02
3.201260192735359222e+00 7.672067890799993961e-02
3.211267605633802091e+00 7.796564299499997297e-02
3.221275018532246293e+00 7.922934637499989829e-02
3.231282431430688717e+00 8.050639135600012875e-02
3.241289844329132919e+00 8.179183280699997560e-02
3.251297257227575788e+00 8.308447620600001304e-02
3.261304670126019101e+00 8.438474781499982758e-02
3.271312083024463302e+00 8.568817792299998626e-02
3.281319495922905727e+00 8.699065002999994967e-02
3.291326908821349040e+00 8.829481816000006589e-02
3.301334321719791909e+00 8.960029075499997830e-02
3.311341734618236110e+00 9.090401132700010045e-02
3.321349147516678979e+00 9.220792274300004809e-02
3.331356560415121848e+00 9.351512587499988260e-02
3.341363973313564717e+00 9.482457738799976443e-02
3.351371386212008030e+00 9.614043399000005152e-02
3.361378799110452231e+00 9.746347548599998412e-02
3.371386212008895100e+00 9.879534053399985360e-02
3.381393624907339301e+00 1.001423369980000144e-01
3.391401037805781726e+00 1.015057895099999996e-01
3.401408450704225928e+00 1.028877684219998700e-01
3.411415863602668797e+00 1.042949224639999617e-01
3.421423276501112110e+00 1.057258588350000750e-01
3.431430689399555423e+00 1.071869259269999652e-01
3.441438102297997848e+00 1.086765177080000200e-01
3.451445515196442049e+00 1.102018801909998569e-01
3.461452928094884918e+00 1.117611329719999658e-01
3.471460340993328231e+00 1.133545323710001274e-01
3.481467753891770656e+00 1.149853029119998205e-01
3.491475166790214857e+00 1.166533742749998881e-01
3.501482579688658170e+00 1.183558223790002195e-01
3.511489992587101039e+00 1.200940724390001657e-01
3.521497405485545240e+00 1.218665795579999545e-01
3.531504818383988109e+00 1.236704787119999871e-01
3.541512231282431866e+00 1.255035462400001522e-01
3.551519644180874735e+00 1.273653754429999729e-01
3.561527057079318048e+00 1.292508125470001046e-01
3.571534469977760917e+00 1.311599233400001507e-01
3.581541882876204230e+00 1.330894539909999175e-01
3.591549295774647987e+00 1.350354532440001254e-01
3.601556708673090856e+00 1.369965606219999410e-01
3.611564121571534169e+00 1.389704693789998169e-01
3.621571534469977038e+00 1.409559738619999836e-01
3.631578947368421240e+00 1.429518858950000748e-01
3.641586360266863664e+00 1.449571939589999747e-01
3.651593773165307866e+00 1.469709717509999347e-01
3.661601186063751179e+00 1.489942204790000169e-01
3.671608598962194048e+00 1.510264133749998905e-01
3.681616011860638249e+00 1.530699379020000750e-01
3.691623424759080674e+00 1.551229768949999865e-01
3.701630837657523987e+00 1.571902683510000287e-01
3.711638250555966856e+00 1.592748963230000703e-01
3.721645663454411057e+00 1.613747139320000912e-01
3.731653076352853926e+00 1.634970083630000737e-01
3.741660489251296795e+00 1.656420300800000023e-01
3.751667902149740996e+00 1.678133601740000591e-01
3.761675315048183865e+00 1.700127810550000618e-01
3.771682727946627178e+00 1.722434206060000639e-01
3.781690140845070047e+00 1.745065574470000547e-01
3.791697553743514248e+00 1.768061295959999502e-01
3.801704966641956673e+00 1.791419871000001773e-01
3.811712379540399986e+00 1.815157636439997946e-01
3.821719792438844188e+00 1.839285837870000551e-01
3.831727205337287057e+00 1.863815112919998684e-01
3.841734618235730370e+00 1.888753852790000520e-01
3.851742031134172795e+00 1.914073182589999256e-01
3.861749444032616996e+00 1.939768098220001624e-01
3.871756856931059865e+00 1.965851115749998046e-01
3.881764269829503178e+00 1.992269317669999040e-01
3.891771682727947379e+00 2.019029292629997974e-01
3.901779095626389804e+00 2.046123549999999680e-01
3.911786508524833117e+00 2.073493523909998304e-01
3.921793921423275986e+00 2.101158683099999536e-01
3.931801334321720187e+00 2.129064470000000542e-01
3.941808747220163056e+00 2.157180235830000736e-01
3.951816160118605925e+00 2.185531248950000061e-01
3.961823573017049682e+00 2.214058287229998534e-01
3.971830985915492995e+00 2.242756266030000445e-01
3.981838398813936308e+00 2.271620390270000511e-01
3.991845811712379177e+00 2.300646895430001893e-01
4.001853224610822934e+00 2.329813305660000111e-01
4.011860637509266247e+00 2.359133615550000895e-01
4.021868050407709561e+00 2.388600184670001125e-01
4.031875463306152874e+00 2.418210867900001393e-01
4.041882876204596187e+00 2.448005433829999467e-01
4.051890289103038612e+00 2.477978853949998062e-01
4.061897702001481925e+00 2.508129349040001399e-01
4.071905114899926126e+00 2.538513107750000053e-01
4.081912527798368551e+00 2.569116225790000207e-01
4.091919940696811864e+00 2.599988590949999789e-01
4.101927353595256065e+00 2.631128668469999710e-01
4.111934766493699378e+00 2.662562739480001106e-01
4.121942179392141803e+00 2.694300812940000345e-01
4.131949592290586004e+00 2.726380955509998261e-01
4.141957005189029317e+00 2.758802857469998537e-01
4.151964418087471742e+00 2.791590143600000129e-01
4.161971830985915055e+00 2.824732780070000615e-01
4.171979243884359256e+00 2.858263243949998866e-01
4.181986656782801681e+00 2.892156588779998261e-01
4.191994069681244994e+00 2.926422113750000165e-01
4.202001482579689196e+00 2.961058399999999535e-01
4.212008895478131620e+00 2.996052162780000749e-01
4.222016308376574933e+00 3.031389565559999832e-01
4.232023721275018247e+00 3.067066012219999971e-01
4.242031134173461560e+00 3.103042086589999915e-01
4.252038547071904873e+00 3.139323391260000484e-01
4.262045959970348186e+00 3.175869460430000846e-01
4.272053372868792387e+00 3.212672019759998943e-01
4.282060785767234812e+00 3.249689401520001741e-01
4.292068198665678125e+00 3.286930480440000135e-01
4.302075611564121438e+00 3.324358969499999761e-01
4.312083024462564751e+00 3.361950233900000695e-01
4.322090437361008064e+00 3.399682171590001634e-01
4.332097850259450489e+00 3.437576844749999916e-01
4.342105263157893802e+00 3.475588465579999564e-01
4.352112676056337115e+00 3.513711149099999487e-01
4.362120088954780428e+00 3.551963427350000035e-01
4.372127501853223741e+00 3.590317554309999659e-01
4.382134914751667942e+00 3.628804555799999276e-01
4.392142327650111255e+00 3.667387572910001392e-01
4.402149740548554568e+00 3.706110978540000378e-01
4.412157153446997881e+00 3.744967405400000393e-01
4.422164566345441195e+00 3.783974972429998695e-01
4.432171979243884508e+00 3.823136234540002176e-01
4.442179392142326932e+00 3.862472603099998958e-01
4.452186805040770246e+00 3.901990060920000891e-01
4.462194217939214447e+00 3.941711077339998814e-01
4.472201630837657760e+00 3.981646800780000994e-01
4.482209043736101073e+00 4.021792062300000303e-01
4.492216456634544386e+00 4.062179901339999510e-01
4.502223869532987699e+00 4.102810193400000527e-01
4.512231282431431012e+00 4.143669917579998474e-01
4.522238695329874325e+00 4.184776539630000736e-01
4.532246108228317638e+00 4.226116270620000614e-01
4.542253521126759175e+00 4.267700122999998902e-01
4.552260934025203376e+00 4.309515875789999839e-01
4.562268346923646689e+00 4.351547827320000339e-01
4.572275759822090002e+00 4.393767787200000274e-01
4.582283172720533315e+00 4.436190505550000607e-01
4.592290585618976628e+00 4.478783410109999918e-01
4.602297998517419941e+00 4.521512173589999906e-01
4.612305411415863254e+00 4.564376201389999110e-01
4.622312824314306567e+00 4.607335720790000089e-01
4.632320237212748104e+00 4.650394324400000112e-01
4.642327650111192305e+00 4.693516149739999088e-01
4.652335063009636507e+00 4.736669039100001033e-01
4.662342475908079820e+00 4.779851130300000195e-01
4.672349888806523133e+00 4.823030362699999296e-01
4.682357301704966446e+00 4.866199608510001218e-01
4.692364714603409759e+00 4.909344083159999927e-01
4.702372127501853072e+00 4.952449631390000162e-01
4.712379540400296385e+00 4.995514320060000513e-01
4.722386953298740586e+00 5.038526585150000514e-01
4.732394366197183899e+00 5.081494495470000317e-01
4.742401779095627212e+00 5.124393945909999637e-01
4.752409191994069637e+00 5.167253963160001184e-01
4.762416604892512950e+00 5.210072104549999805e-01
4.772424017790955375e+00 5.252838689550001217e-01
4.782431430689399576e+00 5.295574903519999488e-01
4.792438843587842889e+00 5.338281113100000752e-01
4.802446256486286202e+00 5.380958379500000444e-01
4.812453669384729515e+00 5.423635002300001284e-01
4.822461082283172829e+00 5.466305137879998721e-01
4.832468495181616142e+00 5.508968833200000859e-01
4.842475908080059455e+00 5.551646184860000721e-01
4.852483320978501879e+00 5.594319874360000888e-01
4.862490733876944304e+00 5.637005853629999397e-01
4.872498146775388506e+00 5.679704427349999696e-01
4.882505559673831819e+00 5.722396153200000057e-01
4.892512972572275132e+00 5.765092490040000239e-01
4.902520385470718445e+00 5.807759520709998569e-01
4.912527798369161758e+00 5.850415628940000001e-01
4.922535211267605071e+00 5.893024916749998177e-01
4.932542624166049272e+00 5.935591237789999974e-01
4.942550037064492585e+00 5.978078303599999588e-01
4.952557449962935010e+00 6.020473969560000693e-01
4.962564862861378323e+00 6.062762599320001833e-01
4.972572275759821636e+00 6.104926517819999621e-01
4.982579688658264949e+00 6.146940012060000402e-01
4.992587101556708262e+00 6.188788449189999152e-01
5.002594514455153352e+00 6.230449514630000962e-01
5.012601927353595777e+00 6.271902816220000787e-01
5.022609340252039090e+00 6.313138856750000194e-01
5.032616753150482403e+00 6.354140350910000290e-01
5.042624166048925716e+00 6.394897091550000301e-01
5.052631578947369029e+00 6.435400224749999731e-01
5.062638991845811454e+00 6.475650800220000836e-01
5.072646404744254767e+00 6.515619093600000244e-01
5.082653817642698080e+00 6.555317346710001214e-01
5.092661230541142281e+00 6.594752476459999624e-01
5.102668643439584706e+00 6.633911739390000450e-01
5.112676056338028019e+00 6.672814482200000175e-01
5.122683469236471332e+00 6.711436058999999954e-01
5.132690882134914645e+00 6.749818376789999963e-01
5.142698295033357958e+00 6.787944171230000379e-01
5.152705707931801271e+00 6.825817938539999741e-01
5.162713120830243696e+00 6.863458400310000762e-01
5.172720533728687009e+00 6.900873938110000383e-01
5.182727946627131210e+00 6.938055963980001017e-01
5.192735359525573635e+00 6.975008790990000485e-01
5.202742772424016948e+00 7.011752230139999265e-01
5.212750185322461149e+00 7.048273251000000128e-01
5.222757598220904462e+00 7.084578745020000401e-01
5.232765011119347776e+00 7.120660292960000470e-01
5.242772424017791089e+00 7.156519451750000815e-01
5.252779836916234402e+00 7.192143355829998530e-01
5.262787249814676827e+00 7.227531987749999942e-01
5.272794662713120140e+00 7.262673553229999079e-01
5.282802075611564341e+00 7.297547268440000012e-01
5.292809488510007654e+00 7.332148758750000050e-01
5.302816901408450967e+00 7.366471924699999896e-01
5.312824314306894280e+00 7.400496959159998944e-01
5.322831727205337593e+00 7.434206639749998402e-01
5.332839140103780906e+00 7.467597995360000240e-01
5.342846553002224219e+00 7.500646674840000250e-01
5.352853965900667532e+00 7.533348318960000345e-01
5.362861378799110845e+00 7.565693607360000073e-01
5.372868791697553270e+00 7.597663146349999952e-01
5.382876204595996583e+00 7.629247841419999343e-01
5.392883617494439896e+00 7.660464216150000283e-01
5.402891030392883209e+00 7.691280522299999145e-01
5.412898443291327411e+00 7.721706685229999811e-01
5.422905856189769835e+00 7.751743489919999952e-01
5.432913269088213148e+00 7.781393468630000143e-01
5.442920681986656462e+00 7.810660102190000176e-01
5.452928094885099775e+00 7.839538830749999132e-01
5.462935507783542199e+00 7.868043028919999848e-01
5.472942920681985512e+00 7.896178902539999767e-01
5.482950333580429714e+00 7.923945821400000256e-01
5.492957746478873027e+00 7.951376071100000331e-01
5.502965159377316340e+00 7.978451990999999577e-01
5.512972572275759653e+00 8.005191643710000138e-01
5.522979985174202966e+00 8.031616597349999775e-01
5.532987398072646279e+00 8.057714282750000345e-01
5.542994810971089592e+00 8.083502645879999671e-01
5.553002223869533793e+00 8.108981697560000423e-01
5.563009636767977106e+00 8.134159602949999623e-01
5.573017049666420419e+00 8.159035572349999654e-01
5.583024462564862844e+00 8.183615131260000286e-01
5.593031875463306157e+00 8.207898295680000622e-01
5.603039288361749470e+00 8.231880079919999815e-01
5.613046701260192783e+00 8.255561012759999873e-01
5.623054114158636096e+00 8.278929943020000293e-01
5.633061527057079410e+00 8.301985803420000032e-01
5.643068939955522723e+00 8.324724232880000852e-01
5.653076352853966036e+00 8.347140440150000451e-01
5.663083765752409349e+00 8.369220879500000043e-01
5.673091178650851774e+00 8.390969426150000077e-01
5.683098591549295087e+00 8.412369359660000212e-01
5.693106004447738400e+00 8.433416207670000331e-01
5.703113417346181713e+00 8.454106240459999810e-01
5.713120830244625026e+00 8.474435315389999834e-01
5.723128243143068339e+00 8.494394068230000094e-01
5.733135656041511652e+00 8.513994294350000214e-01
5.743143068939954965e+00 8.533223845880000269e-01
5.753150481838398278e+00 8.552083567549999543e-01
5.763157894736842479e+00 8.570586271980000781e-01
5.773165307635285792e+00 8.588728219500000316e-01
5.783172720533728217e+00 8.606515404379999623e-01
5.793180133432171530e+00 8.623953065270000273e-01
5.803187546330614843e+00 8.641052428069999625e-01
5.813194959229058156e+00 8.657821325549999170e-01
5.823202372127500581e+00 8.674272432030000202e-01
5.833209785025944782e+00 8.690408352909999579e-01
5.843217197924388095e+00 8.706244901099999822e-01
5.853224610822831409e+00 8.721790134750000423e-01
5.863232023721275610e+00 8.737053274139999770e-01
5.873239436619718923e+00 8.752041777660000132e-01
5.883246849518161348e+00 8.766772133100000364e-01
5.893254262416604661e+00 8.781248345750000128e-01
5.903261675315047974e+00 8.795471727270000040e-01
5.913269088213491287e+00 8.809448693120000007e-01
5.923276501111934600e+00 8.823191847360000173e-01
5.933283914010377913e+00 8.836695841230000070e-01
5.943291326908821226e+00 8.849962908780000248e-01
5.953298739807264539e+00 8.862990085580000343e-01
5.963306152705707852e+00 8.875787821189999871e-01
5.973313565604151165e+00 8.888348100620000469e-01
5.983320978502593590e+00 8.900669611520000135e-01
5.993328391401036903e+00 8.912745076670000044e-01
6.003335804299481104e+00 8.924574459349999822e-01
6.013343217197924417e+00 8.936157265909999703e-01
6.023350630096367730e+00 8.947479965239999444e-01
6.033358042994811044e+00 8.958554406079999310e-01
6.043365455893254357e+00 8.969366261429999598e-01
6.053372868791698558e+00 8.979912935339999791e-01
6.063380281690140983e+00 8.990202376709999221e-01
6.073387694588584296e+00 9.000223854140000368e-01
6.083395107487027609e+00 9.009984856759999383e-01
6.093402520385470034e+00 9.019490423150000602e-01
6.103409933283913347e+00 9.028740646230000166e-01
6.113417346182356660e+00 9.037737525680000772e-01
6.123424759080799973e+00 9.046490747580000491e-01
6.133432171979243286e+00 9.055002782939999273e-01
6.143439584877687487e+00 9.063282278709999806e-01
6.153446997776130800e+00 9.071340615990000078e-01
6.163454410674574113e+00 9.079184502029999937e-01
6.173461823573017426e+00 9.086827239470000039e-01
6.183469236471460739e+00 9.094270765980000393e-01
6.193476649369903164e+00 9.101530485269999637e-01
6.203484062268346477e+00 9.108610660139999649e-01
6.213491475166789790e+00 9.115531736990000189e-01
6.223498888065233103e+00 9.122284360269999892e-01
6.233506300963676416e+00 9.128887563499999969e-01
6.243513713862119729e+00 9.135345552600000474e-01
6.253521126760563043e+00 9.141661473230000556e-01
6.263528539659006356e+00 9.147838502789999993e-01
6.273535952557449669e+00 9.153886432589999345e-01
6.283543365455894758e+00 9.159797645039999825e-01
6.293550778354336295e+00 9.165577997339999783e-01
6.303558191252779608e+00 9.171229502640000364e-01
6.313565604151222921e+00 9.176746849750000434e-01
6.323573017049666234e+00 9.182125295599999903e-01
6.333580429948109547e+00 9.187371517710000157e-01
6.343587842846552860e+00 9.192473029709999910e-01
6.353595255744996173e+00 9.197434138510000023e-01
6.363602668643439486e+00 9.202247620479999668e-01
6.373610081541883687e+00 9.206914350539999736e-01
6.383617494440326112e+00 9.211426209419999456e-01
6.393624907338768537e+00 9.215785445949999932e-01
6.403632320237211850e+00 9.219997034910000222e-01
6.413639733135655163e+00 9.224043138349999893e-01
6.423647146034099364e+00 9.227944999830000050e-01
6.433654558932542677e+00 9.231685955910000629e-01
6.443661971830985991e+00 9.235283076710000261e-01
6.453669384729429304e+00 9.238735988219999307e-01
6.463676797627872617e+00 9.242043155900000473e-01
6.473684210526315930e+00 9.245219401109999735e-01
6.483691623424759243e+00 9.248263025399999782e-01
6.493699036323202556e+00 9.251192832560000134e-01
6.503706449221644981e+00 9.254001266389999536e-01
6.513713862120088294e+00 9.256708637070000245e-01
6.523721275018531607e+00 9.259314999950000180e-01
6.533728687916974920e+00 9.261831666590000234e-01
6.543736100815418233e+00 9.264269279279999658e-01
6.553743513713861546e+00 9.266629466360000178e-01
6.563750926612305747e+00 9.268926909590000651e-01
6.573758339510749060e+00 9.271159841789999856e-01
6.583765752409192373e+00 9.273332175580000225e-01
6.593773165307635686e+00 9.275459692919999499e-01
6.603780578206078111e+00 9.277532294060000240e-01
6.613787991104521424e+00 9.279556275260000264e-01
6.623795404002964737e+00 9.281539513259999818e-01
6.633802816901408050e+00 9.283474232749999722e-01
6.643810229799851363e+00 9.285358576600000191e-01
6.653817642698294677e+00 9.287192625500000354e-01
6.663825055596737990e+00 9.288981700830000188e-01
6.673832468495181303e+00 9.290709638699999884e-01
6.683839881393624616e+00 9.292383689879999409e-01
6.693847294292067929e+00 9.293994115229999853e-01
6.703854707190512130e+00 9.295540425920000294e-01
6.713862120088954555e+00 9.297021086640000487e-01
6.723869532987397868e+00 9.298422705419999712e-01
6.733876945885841181e+00 9.299754570950000687e-01
6.743884358784284494e+00 9.301014468749999597e-01
6.753891771682727807e+00 9.302191512349999858e-01
6.763899184581171120e+00 9.303293640230000383e-01
6.773906597479614433e+00 9.304320182909999737e-01
6.783914010378056858e+00 9.305273655000000366e-01
6.793921423276501059e+00 9.306152171429999953e-01
6.803928836174943484e+00 9.306965211759999912e-01
6.813936249073386797e+00 9.307715485499999941e-01
6.823943661971830110e+00 9.308409349080000172e-01
6.833951074870274311e+00 9.309049298870000211e-01
6.843958487768717625e+00 9.309645563499999721e-01
6.853965900667160938e+00 9.310208831899999815e-01
6.863973313565604251e+00 9.310732109110000376e-01
6.873980726464047564e+00 9.311237096750000219e-01
6.883988139362490877e+00 9.311727049550000412e-01
6.893995552260934190e+00 9.312199885080000294e-01
6.904002965159377503e+00 9.312672057559999717e-01
6.914010378057819928e+00 9.313142280560000597e-01
6.924017790956263241e+00 9.313618194349999602e-01
6.934025203854706554e+00 9.314097259350000435e-01
6.944032616753149867e+00 9.314590185990000437e-01
6.954040029651593180e+00 9.315093144920000290e-01
6.964047442550036493e+00 9.315604114109999889e-01
6.974054855448480694e+00 9.316129778430000119e-01
6.984062268346924007e+00 9.316660785899999464e-01
6.994069681245367320e+00 9.317200715519999843e-01
7.004077094143810633e+00 9.317740969950000229e-01
7.014084507042252170e+00 9.318281358950000204e-01
7.024091919940696371e+00 9.318815814199999936e-01
7.034099332839139684e+00 9.319339380589999333e-01
7.044106745737582997e+00 9.319852050479999761e-01
7.054114158636026310e+00 9.320345472240000317e-01
7.064121571534469624e+00 9.320816214960000456e-01
7.074128984432912937e+00 9.321261092989999719e-01
7.084136397331356250e+00 9.321678748430000105e-01
7.094143810229799563e+00 9.322071139740000234e-01
7.104151223128241099e+00 9.322424229179999688e-01
7.114158636026687077e+00 9.322754540640000309e-01
7.124166048925129502e+00 9.323048019499999839e-01
7.134173461823572815e+00 9.323318612550000051e-01
7.144180874722016128e+00 9.323564069399999932e-01
7.154188287620459441e+00 9.323788124940000088e-01
7.164195700518902754e+00 9.323993303659999787e-01
7.174203113417346067e+00 9.324193923829999786e-01
7.184210526315789380e+00 9.324382649069999918e-01
7.194217939214232693e+00 9.324574213310000692e-01
7.204225352112676006e+00 9.324772875179999643e-01
7.214232765011119319e+00 9.324984294320000089e-01
7.224240177909561744e+00 9.325214352149999719e-01
7.234247590808005057e+00 9.325470890750000574e-01
7.244255003706448370e+00 9.325757920599999640e-01
7.254262416604892572e+00 9.326080049189999777e-01
7.264269829503335885e+00 9.326439509580000120e-01
7.274277242401779198e+00 9.326839400459999707e-01
7.284284655300222511e+00 9.327279148910000428e-01
7.294292068198665824e+00 9.327764643499999453e-01
7.304299481097109137e+00 9.328291233750000133e-01
7.314306893995552450e+00 9.328861953029999876e-01
7.324314306893994875e+00 9.329470956469999576e-01
7.334321719792439076e+00 9.330117492699999682e-01
7.344329132690881501e+00 9.330792196710000486e-01
7.354336545589324814e+00 9.331498251900000040e-01
7.364343958487768127e+00 9.332223713030000090e-01
7.374351371386211440e+00 9.332969514510000009e-01
7.384358784284654753e+00 9.333723830389999421e-01
7.394366197183098954e+00 9.334491680240000200e-01
7.404373610081542267e+00 9.335255740350000275e-01
7.414381022979985580e+00 9.336020781239999788e-01
7.424388435878428893e+00 9.336779283470000301e-01
7.434395848776871318e+00 9.337533813709999464e-01
7.444403261675314631e+00 9.338277155749999947e-01
7.454410674573757944e+00 9.339009761179999369e-01
7.464418087472201258e+00 9.339729083479999527e-01
7.474425500370644571e+00 9.340439815550000136e-01
7.484432913269087884e+00 9.341143597819999700e-01
7.494440326167531197e+00 9.341841832320000316e-01
7.504447739065974510e+00 9.342543846880000391e-01
7.514455151964417823e+00 9.343248070399999827e-01
7.524462564862862024e+00 9.343957864709999672e-01
7.534469977761304449e+00 9.344687832989999610e-01
7.544477390659747762e+00 9.345431629820000197e-01
7.554484803558191075e+00 9.346206426800000022e-01
7.564492216456635276e+00 9.347009335789999707e-01
7.574499629355077701e+00 9.347855400139999382e-01
7.584507042253521014e+00 9.348734671799999729e-01
7.594514455151964327e+00 9.349666707839999757e-01
7.604521868050407640e+00 9.350647217840000192e-01
7.614529280948850953e+00 9.351678197989999886e-01
7.624536693847294266e+00 9.352758713750000119e-01
7.634544106745736691e+00 9.353897270430000521e-01
7.644551519644180004e+00 9.355087087350000274e-01
7.654558932542624206e+00 9.356330871600000432e-01
7.664566345441067519e+00 9.357619981589999636e-01
7.674573758339510832e+00 9.358953291360000426e-01
7.684581171237954145e+00 9.360327869239999377e-01
7.694588584136397458e+00 9.361736501949999845e-01
7.704595997034840771e+00 9.363178506200000584e-01
7.714603409933284084e+00 9.364641558270000443e-01
7.724610822831727397e+00 9.366125577749999653e-01
7.734618235730169822e+00 9.367622062679999972e-01
7.744625648628613135e+00 9.369123413669999678e-01
7.754633061527056448e+00 9.370632333749999709e-01
7.764640474425499761e+00 9.372132474719999662e-01
7.774647887323943074e+00 9.373632928830000210e-01
7.784655300222386387e+00 9.375122845269999727e-01
7.794662713120829700e+00 9.376602399029999590e-01
7.804670126019273901e+00 9.378070618229999988e-01
7.814677538917717214e+00 9.379527544669999939e-01
7.824684951816160527e+00 9.380977543070000424e-01
7.834692364714603841e+00 9.382423268189999943e-01
7.844699777613046265e+00 9.383863810189999599e-01
7.854707190511489578e+00 9.385300361349999676e-01
7.864714603409932892e+00 9.386746983950000622e-01
7.874722016308376205e+00 9.388201434199999751e-01
7.884729429206819518e+00 9.389672955640000485e-01
7.894736842105262831e+00 9.391164173579999996e-01
7.904744255003706144e+00 9.392681582390000061e-01
7.914751667902149457e+00 9.394232308919999719e-01
7.924759080800592770e+00 9.395817955499999874e-01
7.934766493699036083e+00 9.397446019749999824e-01
7.944773906597479396e+00 9.399117400750000018e-01
7.954781319495922709e+00 9.400837672549999802e-01
7.964788732394366022e+00 9.402603595590000030e-01
7.974796145292808447e+00 9.404416821719999708e-01
7.984803558191252648e+00 9.406282501549999564e-01
7.994810971089695961e+00 9.408190367550000044e-01
8.004818383988139274e+00 9.410143265910000387e-01
8.014825796886581699e+00 9.412137759149999949e-01
8.024833209785025900e+00 9.414170727589999954e-01
8.034840622683468325e+00 9.416230741359999934e-01
8.044848035581912526e+00 9.418314946829999812e-01
8.054855448480354951e+00 9.420421690789999580e-01
8.064862861378797376e+00 9.422542816710000046e-01
8.074870274277241577e+00 9.424668644670000095e-01
8.084877687175685779e+00 9.426796771550000065e-01
8.094885100074129980e+00 9.428917712069999624e-01
8.104892512972572405e+00 9.431032978040000403e-01
8.114899925871014830e+00 9.433133959339999874e-01
8.124907338769459031e+00 9.435219024830000523e-01
8.134914751667901456e+00 9.437284815390000192e-01
8.144922164566345657e+00 9.439332139439999825e-01
8.154929577464788082e+00 9.441355651039999852e-01
8.164936990363232283e+00 9.443363001710000093e-01
8.174944403261674708e+00 9.445351057749999946e-01
8.184951816160118909e+00 9.447329830949999785e-01
8.194959229058561334e+00 9.449290241669999757e-01
8.204966641957003759e+00 9.451246003100000070e-01
8.214974054855447960e+00 9.453200229660000398e-01
8.224981467753892161e+00 9.455160614430000443e-01
8.234988880652334586e+00 9.457129000549999720e-01
8.244996293550778788e+00 9.459106882750000223e-01
8.255003706449221212e+00 9.461110459070000145e-01
8.265011119347665414e+00 9.463137968300000535e-01
8.275018532246107839e+00 9.465198169309999576e-01
8.285025945144552040e+00 9.467287254999999790e-01
8.295033358042992688e+00 9.469416437900000094e-01
8.305040770941436890e+00 9.471580465710000007e-01
8.315048183839881091e+00 9.473789283750000401e-01
8.325055596738323516e+00 9.476031811499999735e-01
8.335063009636767717e+00 9.478317108699999549e-01
8.345070422535210142e+00 9.480636555310000269e-01
8.355077835433654343e+00 9.482993795899999911e-01
8.365085248332098544e+00 9.485375258939999776e-01
8.375092661230540969e+00 9.487784895740000168e-01
8.385100074128985170e+00 9.490212975420000419e-01
8.395107487027427595e+00 9.492651598669999968e-01
8.405114899925870020e+00 9.495100422150000163e-01
8.415122312824314221e+00 9.497547497789999849e-01
8.425129725722756646e+00 9.499990327159999470e-01
8.435137138621200847e+00 9.502425269659999785e-01
8.445144551519643272e+00 9.504842120759999791e-01
8.455151964418087474e+00 9.507237341950000031e-01
8.465159377316529898e+00 9.509610015949999662e-01
8.475166790214974100e+00 9.511956774840000239e-01
8.485174203113416525e+00 9.514272746459999652e-01
8.495181616011860726e+00 9.516558831800000506e-01
8.505189028910304927e+00 9.518819351899999726e-01
8.515196441808747352e+00 9.521051059680000206e-01
8.525203854707191553e+00 9.523260464789999880e-01
8.535211267605633978e+00 9.525444482350000630e-01
8.545218680504076403e+00 9.527612950520000235e-01
8.555226093402520604e+00 9.529765664270000158e-01
8.565233506300963029e+00 9.531918340759999442e-01
8.575240919199407230e+00 9.534068580150000249e-01
8.585248332097849655e+00 9.536220709999999601e-01
8.595255744996292080e+00 9.538386145789999881e-01
8.605263157894738058e+00 9.540564385399999958e-01
8.615270570793178706e+00 9.542768671190000607e-01
8.625277983691622907e+00 9.544995606780000141e-01
8.635285396590067108e+00 9.547254145429999728e-01
8.645292809488509533e+00 9.549543408780000187e-01
8.655300222386953735e+00 9.551867775000000282e-01
8.665307635285396159e+00 9.554222407510000181e-01
8.675315048183840361e+00 9.556614866539999698e-01
8.685322461082282786e+00 9.559035632629999668e-01
8.695329873980726987e+00 9.561487881519999954e-01
8.705337286879169412e+00 9.563966746040000189e-01
8.715344699777611837e+00 9.566464906939999846e-01
8.725352112676056038e+00 9.568977979160000480e-01
8.735359525574498463e+00 9.571502732640000399e-01
8.745366938472942664e+00 9.574029225200000326e-01
8.755374351371385089e+00 9.576554689270000420e-01
8.765381764269829290e+00 9.579070853829999566e-01
8.775389177168273491e+00 9.581569987710000236e-01
8.785396590066715916e+00 9.584049797550000527e-01
8.795404002965160117e+00 9.586506774070000514e-01
8.805411415863602542e+00 9.588932145919999428e-01
8.815418828762046743e+00 9.591323317400000104e-01
8.825426241660487392e+00 9.593684229750000236e-01
8.835433654558933370e+00 9.596006690239999859e-01
8.845441067457374018e+00 9.598290563119999952e-01
8.855448480355819996e+00 9.600543583159999450e-01
8.865455893254260644e+00 9.602760816630000473e-01
8.875463306152706622e+00 9.604949245820000314e-01
8.885470719051147270e+00 9.607115831479999812e-01
8.895478131949593248e+00 9.609258619639999832e-01
8.905485544848033896e+00 9.611389106200000088e-01
8.915492957746479874e+00 9.613510273340000190e-01
8.925500370644922299e+00 9.615628946750000017e-01
8.935507783543364724e+00 9.617747013870000528e-01
8.945515196441808925e+00 9.619879656149999958e-01
8.955522609340251350e+00 9.622023739820000365e-01
8.965530022238695551e+00 9.624187916549999944e-01
8.975537435137137976e+00 9.626373639270000560e-01
8.985544848035582177e+00 9.628585173239999628e-01
8.995552260934024602e+00 9.630826009349999772e-01
9.005559673832468803e+00 9.633095639480000472e-01
9.015567086730911228e+00 9.635394015749999541e-01
9.025574499629353653e+00 9.637716958790000232e-01
9.035581912527797854e+00 9.640066688560000596e-01
9.045589325426240279e+00 9.642434599100000447e-01
9.055596738324684480e+00 9.644818585469999705e-01
9.065604151223128682e+00 9.647211647279999580e-01
9.075611564121571107e+00 9.649611669440000261e-01
9.085618977020015308e+00 9.652008728059999765e-01
9.095626389918457733e+00 9.654394730359999732e-01
9.105633802816901934e+00 9.656765457589999713e-01
9.115641215715344359e+00 9.659115670110000051e-01
9.125648628613788560e+00 9.661434279180000084e-01
9.135656041512229208e+00 9.663720790880000466e-01
9.145663454410675186e+00 9.665969526990000338e-01
9.155670867309115835e+00 9.668174526149999615e-01
9.165678280207561812e+00 9.670334616000000327e-01
9.175685693106002461e+00 9.672447935960000187e-01
9.185693106004448438e+00 9.674517062749999896e-01
9.195700518902890863e+00 9.676536702319999961e-01
9.205707931801335064e+00 9.678513405949999981e-01
9.215715344699777489e+00 9.680450971549999784e-01
9.225722757598221691e+00 9.682352749789999713e-01
9.235730170496664115e+00 9.684222899579999488e-01
9.245737583395106540e+00 9.686065983980000071e-01
9.255744996293550741e+00 9.687890407600000531e-01
9.265752409191993166e+00 9.689701281989999693e-01
9.275759822090437368e+00 9.691505656109999922e-01
9.285767234988879792e+00 9.693306069360000388e-01
9.295774647887323994e+00 9.695111847599999777e-01
9.305782060785766419e+00 9.696926259949999460e-01
9.315789473684210620e+00 9.698757144709999611e-01
9.325796886582653045e+00 9.700599170350000522e-01
9.335804299481099022e+00 9.702460925100000466e-01
9.345811712379539671e+00 9.704345329190000591e-01
9.355819125277983872e+00 9.706242378539999827e-01
9.365826538176426297e+00 9.708158925919999627e-01
9.375833951074870498e+00 9.710087714299999728e-01
9.385841363973312923e+00 9.712023113979999511e-01
9.395848776871757124e+00 9.713967016860000081e-01
9.405856189770199549e+00 9.715905390350000337e-01
9.415863602668643750e+00 9.717835423799999761e-01
9.425871015567084399e+00 9.719748401750000211e-01
9.435878428465530376e+00 9.721639409879999638e-01
9.445885841363971025e+00 9.723496958830000203e-01
9.455893254262417003e+00 9.725319728550000375e-01
9.465900667160859427e+00 9.727099674989999611e-01
9.475908080059303629e+00 9.728825152150000211e-01
9.485915492957746054e+00 9.730497129740000029e-01
9.495922905856190255e+00 9.732109406869999813e-01
9.505930318754632680e+00 9.733661775349999878e-01
9.515937731653076881e+00 9.735149199920000163e-01
9.525945144551519306e+00 9.736576965680000528e-01
9.535952557449961731e+00 9.737937807319999584e-01
9.545959970348405932e+00 9.739242641430000402e-01
9.555967383246848357e+00 9.740490344379999499e-01
9.565974796145292558e+00 9.741686046869999505e-01
9.575982209043734983e+00 9.742835103029999777e-01
9.585989621942179184e+00 9.743945442300000481e-01
9.595997034840621609e+00 9.745022486400000128e-01
9.606004447739067587e+00 9.746073749710000289e-01
9.616011860637508235e+00 9.747104589270000341e-01
9.626019273535954213e+00 9.748122667099999861e-01
9.636026686434394861e+00 9.749135867639999731e-01
9.646034099332840839e+00 9.750143781500000273e-01
9.656041512231281487e+00 9.751153666159999567e-01
9.666048925129725689e+00 9.752172109560000024e-01
9.676056338028168113e+00 9.753194775919999948e-01
9.686063750926612315e+00 9.754225904030000560e-01
9.696071163825054740e+00 9.755262563950000132e-01
9.706078576723498941e+00 9.756303084990000096e-01
9.716085989621941366e+00 9.757342365500000225e-01
9.726093402520385567e+00 9.758378676440000454e-01
9.736100815418826215e+00 9.759402776029999504e-01
9.746108228317272193e+00 9.760407739499999957e-01
9.756115641215714618e+00 9.761387221980000195e-01
9.766123054114158819e+00 9.762338128669999504e-01
9.776130467012601244e+00 9.763241665199999808e-01
9.786137879911045445e+00 9.764098946389999645e-01
9.796145292809487870e+00 9.764897699579999646e-01
9.806152705707932071e+00 9.765633996750000545e-01
9.816160118606374496e+00 9.766300845950000031e-01
9.826167531504818697e+00 9.766893352859999933e-01
9.836174944403261122e+00 9.767404585579999576e-01
9.846182357301703547e+00 9.767836355550000293e-01
9.856189770200147748e+00 9.768186813979999883e-01
9.866197183098590173e+00 9.768457312639999834e-01
9.876204595997034374e+00 9.768647289749999851e-01
9.886212008895476799e+00 9.768763783920000332e-01
9.896219421793922777e+00 9.768809590389999631e-01
9.906226834692363425e+00 9.768790270999999636e-01
9.916234247590809403e+00 9.768714781349999710e-01
9.926241660489250052e+00 9.768588435799999692e-01
9.936249073387696029e+00 9.768420267740000051e-01
9.946256486286136678e+00 9.768219330359999564e-01
9.956263899184580879e+00 9.767991848879999939e-01
9.966271312083023304e+00 9.767747231479999570e-01
9.976278724981467505e+00 9.767489669740000435e-01
9.986286137879909930e+00 9.767229348079999873e-01
9.996293550778354131e+00 9.766964359349999958e-01
1.000630096367679656e+01 9.766699483259999592e-01
1.001630837657524076e+01 9.766441238030000305e-01
1.002631578947368496e+01 9.766184533749999730e-01
1.003632320237212738e+01 9.765929563999999896e-01
1.004633061527057158e+01 9.765672189680000281e-01
1.005633802816901401e+01 9.765408663500000364e-01
1.006634544106745643e+01 9.765133473510000384e-01
1.007635285396590064e+01 9.764834830669999466e-01
1.008636026686434306e+01 9.764509802059999632e-01
1.009636767976278726e+01 9.764143956349999875e-01
1.010637509266122969e+01 9.763732354909999689e-01
1.011638250555967389e+01 9.763266946799999957e-01
1.012638991845811631e+01 9.762730630910000373e-01
1.013639733135656051e+01 9.762123709229999502e-01
1.014640474425500294e+01 9.761433815100000189e-01
1.015641215715344536e+01 9.760653889470000122e-01
1.016641957005188956e+01 9.759781502640000328e-01
1.017642698295033199e+01 9.758810765869999626e-01
1.018643439584877619e+01 9.757742824799999770e-01
1.019644180874721862e+01 9.756572516150000540e-01
1.020644922164566282e+01 9.755307860540000098e-01
1.021645663454410524e+01 9.753948241019999577e-01
1.022646404744255122e+01 9.752502209840000491e-01
1.023647146034099364e+01 9.750974648550000401e-01
1.024647887323943785e+01 9.749374847099999686e-01
1.025648628613788027e+01 9.747708190070000223e-01
1.026649369903632270e+01 9.745992070950000308e-01
1.027650111193476690e+01 9.744229784150000295e-01
1.028650852483320932e+01 9.742435711069999948e-01
1.029651593773165352e+01 9.740617441500000195e-01
1.030652335063009595e+01 9.738788471020000115e-01
1.031653076352854015e+01 9.736950537149999807e-01
1.032653817642698257e+01 9.735115703550000221e-01
1.033654558932542677e+01 9.733288966430000411e-01
1.034655300222386920e+01 9.731473255179999837e-01
1.035656041512231340e+01 9.729668395430000061e-01
1.036656782802075583e+01 9.727874294589999860e-01
1.037657524091919825e+01 9.726087128120000092e-01
1.038658265381764245e+01 9.724309396389999582e-01
1.039659006671608488e+01 9.722524721759999711e-01
1.040659747961452908e+01 9.720729577879999583e-01
1.041660489251297150e+01 9.718910474790000142e-01
1.042661230541141570e+01 9.717062588549999491e-01
1.043661971830985813e+01 9.715169311100000371e-01
1.044662713120830233e+01 9.713217374999999487e-01
1.045663454410674476e+01 9.711199340749999687e-01
1.046664195700518718e+01 9.709099549919999461e-01
1.047664936990363138e+01 9.706906453439999582e-01
1.048665678280207381e+01 9.704612098139999699e-01
1.049666419570051801e+01 9.702207338749999632e-01
1.050667160859896221e+01 9.699685649899999484e-01
1.051667902149740641e+01 9.697045179119999636e-01
1.052668643439584883e+01 9.694278211550000357e-01
1.053669384729429304e+01 9.691393881500000029e-01
1.054670126019273546e+01 9.688387275550000011e-01
1.055670867309117966e+01 9.685269465589999571e-01
1.056671608598962209e+01 9.682044563899999678e-01
1.057672349888806451e+01 9.678727211790000284e-01
1.058673091178650871e+01 9.675320824699999989e-01
1.059673832468495114e+01 9.671846033709999846e-01
1.060674573758339534e+01 9.668315372150000364e-01
1.061675315048183776e+01 9.664741624439999734e-01
1.062676056338028197e+01 9.661141398949999459e-01
1.063676797627872439e+01 9.657524536549999539e-01
1.064677538917716859e+01 9.653911442189999637e-01
1.065678280207561102e+01 9.650305442940000367e-01
1.066679021497405522e+01 9.646724619000000001e-01
1.067679762787249764e+01 9.643172802830000112e-01
1.068680504077094007e+01 9.639651501229999919e-01
1.069681245366938427e+01 9.636169014200000049e-01
1.070681986656782669e+01 9.632723229030000223e-01
1.071682727946627089e+01 9.629310207150000300e-01
1.072683469236471332e+01 9.625922167499999516e-01
1.073684210526315752e+01 9.622552189880000384e-01
1.074684951816159995e+01 9.619187978540000294e-01
1.075685693106004415e+01 9.615815151319999643e-01
1.076686434395848657e+01 9.612416321150000220e-01
1.077687175685692900e+01 9.608978857100000104e-01
1.078687916975537497e+01 9.605478090200000318e-01
1.079688658265381740e+01 9.601905021029999432e-01
1.080689399555226160e+01 9.598237253389999557e-01
1.081690140845070403e+01 9.594459089100000337e-01
1.082690882134914823e+01 9.590556920699999655e-01
1.083691623424759065e+01 9.586517855420000345e-01
1.084692364714603485e+01 9.582331468550000508e-01
1.085693106004447728e+01 9.577994281430000090e-01
1.086693847294292148e+01 9.573500260430000131e-01
1.087694588584136390e+01 9.568851455350000368e-01
1.088695329873980633e+01 9.564050907869999785e-01
1.089696071163825053e+01 9.559108430999999628e-01
1.090696812453669295e+01 9.554032082750000265e-01
1.091697553743513716e+01 9.548837124669999898e-01
1.092698295033357958e+01 9.543547421400000452e-01
1.093699036323202378e+01 9.538174428269999838e-01
1.094699777613046621e+01 9.532740971980000477e-01
1.095700518902891041e+01 9.527272655499999798e-01
1.096701260192735283e+01 9.521787128299999958e-01
1.097702001482579526e+01 9.516312034999999669e-01
1.098702742772423946e+01 9.510867884620000101e-01
1.099703484062268188e+01 9.505470297950000536e-01
1.100704225352112609e+01 9.500140662839999806e-01
1.101704966641956851e+01 9.494889311990000191e-01
1.102705707931801271e+01 9.489730008800000283e-01
1.103706449221645514e+01 9.484667923549999768e-01
1.104707190511489934e+01 9.479699415260000039e-01
1.105707931801334354e+01 9.474828716400000017e-01
1.106708673091178774e+01 9.470044321499999640e-01
1.107709414381023016e+01 9.465335894699999919e-01
1.108710155670867259e+01 9.460688153180000226e-01
1.109710896960711679e+01 9.456084022859999605e-01
1.110711638250555922e+01 9.451492003339999615e-01
1.111712379540400342e+01 9.446898798749999715e-01
1.112713120830244584e+01 9.442272273030000163e-01
1.113713862120089004e+01 9.437588861579999655e-01
1.114714603409933247e+01 9.432817353979999764e-01
1.115715344699777667e+01 9.427935800550000245e-01
1.116716085989621909e+01 9.422919831980000049e-01
1.117716827279466330e+01 9.417747771989999350e-01
1.118717568569310572e+01 9.412408190269999642e-01
1.119718309859154814e+01 9.406880772779999678e-01
1.120719051148999235e+01 9.401172487519999788e-01
1.121719792438843477e+01 9.395265544749999975e-01
1.122720533728687897e+01 9.389175953180000089e-01
1.123721275018532140e+01 9.382909759909999758e-01
1.124722016308376560e+01 9.376479972279999631e-01
1.125722757598220802e+01 9.369911694320000040e-01
1.126723498888065222e+01 9.363231837240000299e-01
1.127724240177909465e+01 9.356468843030000260e-01
1.128724981467753707e+01 9.349659498800000357e-01
1.129725722757598128e+01 9.342831492919999592e-01
1.130726464047442370e+01 9.336032895679999832e-01
1.131727205337286790e+01 9.329289118300000405e-01
1.132727946627131033e+01 9.322650156599999738e-01
1.133728687916975630e+01 9.316140020600000016e-01
1.134729429206819873e+01 9.309788801720000340e-01
1.135730170496664293e+01 9.303633959579999946e-01
1.136730911786508535e+01 9.297685316989999782e-01
1.137731653076352956e+01 9.291964251500000049e-01
1.138732394366197198e+01 9.286481305400000608e-01
1.139733135656041441e+01 9.281230008470000570e-01
1.140733876945885861e+01 9.276211022070000034e-01
1.141734618235730103e+01 9.271409085119999283e-01
1.142735359525574523e+01 9.266805315320000291e-01
1.143736100815418766e+01 9.262371046699999777e-01
1.144736842105263186e+01 9.258073589580000373e-01
1.145737583395107428e+01 9.253884906149999479e-01
1.146738324684951849e+01 9.249750922999999680e-01
1.147739065974796091e+01 9.245642602860000281e-01
1.148739807264640511e+01 9.241510094270000142e-01
1.149740548554484754e+01 9.237317796470000397e-01
1.150741289844328996e+01 9.233018502950000039e-01
1.151742031134173416e+01 9.228578586039999365e-01
1.152742772424017659e+01 9.223966598320000321e-01
1.153743513713862079e+01 9.219165853499999841e-01
1.154744255003706321e+01 9.214150560539999812e-01
1.155744996293550741e+01 9.208921116920000260e-01
1.156745737583394984e+01 9.203466767310000129e-01
1.157746478873239404e+01 9.197810453999999414e-01
1.158747220163083647e+01 9.191965246350000118e-01
1.159747961452927889e+01 9.185959564229999597e-01
1.160748702742772309e+01 9.179835154069999614e-01
1.161749444032616729e+01 9.173631073579999740e-01
1.162750185322461149e+01 9.167406006989999856e-01
1.163750926612305392e+01 9.161214486959999848e-01
1.164751667902149812e+01 9.155111651670000406e-01
1.165752409191994055e+01 9.149167557599999778e-01
1.166753150481838475e+01 9.143443081740000311e-01
1.167753891771682717e+01 9.138000585390000374e-01
1.168754633061527137e+01 9.132895646520000632e-01
1.169755374351371380e+01 9.128180944620000181e-01
1.170756115641215622e+01 9.123897359100000548e-01
1.171756856931060042e+01 9.120079107749999858e-01
1.172757598220904285e+01 9.116755501919999727e-01
1.173758339510748705e+01 9.113938985239999901e-01
1.174759080800592947e+01 9.111629036149999639e-01
1.175759822090437368e+01 9.109821858300000130e-01
1.176760563380281610e+01 9.108492358549999945e-01
1.177761304670126030e+01 9.107604527479999934e-01
1.178762045959970273e+01 9.107123310300000441e-01
1.179762787249814693e+01 9.106988395739999964e-01
1.180763528539658935e+01 9.107141777820000339e-01
1.181764269829503178e+01 9.107520055480000654e-01
1.182765011119347598e+01 9.108055722750000305e-01
1.183765752409191840e+01 9.108675522799999369e-01
1.184766493699036261e+01 9.109320586350000415e-01
1.185767234988880503e+01 9.109912346749999834e-01
1.186767976278724923e+01 9.110407313749999680e-01
1.187768717568569166e+01 9.110747720749999834e-01
1.188769458858413763e+01 9.110892208440000140e-01
1.189770200148258006e+01 9.110831070350000616e-01
1.190770941438102426e+01 9.110532653999999786e-01
1.191771682727946668e+01 9.110011205149999292e-01
1.192772424017790911e+01 9.109279633669999932e-01
1.193773165307635331e+01 9.108377076070000022e-01
1.194773906597479574e+01 9.107351226469999617e-01
1.195774647887323994e+01 9.106259224149999554e-01
1.196775389177168236e+01 9.105189931270000203e-01
1.197776130467012656e+01 9.104219949949999835e-01
1.198776871756856899e+01 9.103449729949999458e-01
1.199777613046701319e+01 9.102980181950000027e-01
1.200778354336545561e+01 9.102919265789999326e-01
1.201779095626389804e+01 9.103375769150000574e-01
1.202779836916234224e+01 9.104444716399999749e-01
1.203780578206078467e+01 9.106228810800000018e-01
1.204781319495922887e+01 9.108821345790000246e-01
1.205782060785767129e+01 9.112290831020000148e-01
1.206782802075611549e+01 9.116704952559999686e-01
1.207783543365455792e+01 9.122110505670000258e-01
1.208784284655300212e+01 9.128525986069999654e-01
1.209785025945144454e+01 9.135977567310000769e-01
1.210785767234988697e+01 9.144449762999999898e-01
1.211786508524833117e+01 9.153907838700000577e-01
1.212787249814677359e+01 9.164308549149999816e-01
1.213787991104521780e+01 9.175593459499999938e-01
1.214788732394366022e+01 9.187674006680000005e-01
1.215789473684210442e+01 9.200467958779999789e-01
1.216790214974054862e+01 9.213866566830000160e-01
1.217790956263899282e+01 9.227766701549999784e-01
1.218791697553743525e+01 9.242059679630000302e-01
1.219792438843587945e+01 9.256630940119999762e-01
1.220793180133432188e+01 9.271376260110000267e-01
1.221793921423276608e+01 9.286209749880000031e-01
1.222794662713120850e+01 9.301037694389999722e-01
1.223795404002965093e+01 9.315788813149999958e-01
1.224796145292809513e+01 9.330411416299999594e-01
1.225796886582653755e+01 9.344870375989999811e-01
1.226797627872498175e+01 9.359145485099999995e-01
1.227798369162342418e+01 9.373244858839999694e-01
1.228799110452186838e+01 9.387180753720000270e-01
1.229799851742031080e+01 9.400991622950000126e-01
1.230800593031875501e+01 9.414730383510000467e-01
1.231801334321719743e+01 9.428454765500000612e-01
1.232802075611563986e+01 9.442228019159999430e-01
1.233802816901408406e+01 9.456119597790000331e-01
1.234803558191252648e+01 9.470188902870000369e-01
1.235804299481097068e+01 9.484485410149999796e-01
1.236805040770941311e+01 9.499044954349999959e-01
1.237805782060785731e+01 9.513872352869999771e-01
1.238806523350629973e+01 9.528946378379999915e-01
1.239807264640474394e+01 9.544209720620000503e-01
1.240808005930318636e+01 9.559555008379999608e-01
1.241808747220162878e+01 9.574848316280000216e-01
1.242809488510007299e+01 9.589879647279999642e-01
1.243810229799851541e+01 9.604403623430000092e-01
1.244810971089696139e+01 9.618114218429999474e-01
1.245811712379540381e+01 9.630654086040000283e-01
1.246812453669384801e+01 9.641606702670000306e-01
1.247813194959229044e+01 9.650516662699999415e-01
1.248813936249073464e+01 9.656875845419999882e-01
1.249814677538917707e+01 9.660141404300000012e-01
1.250815418828762127e+01 9.659739918619999477e-01
1.251816160118606369e+01 9.655073605999999753e-01
1.252816901408450612e+01 9.645541272630000496e-01
1.253817642698295032e+01 9.630542868750000540e-01
1.254818383988139274e+01 9.609483259550000156e-01
1.255819125277983694e+01 9.581805762709999508e-01
1.256819866567827937e+01 9.546989083589999536e-01
1.257820607857672357e+01 9.504558531950000333e-01
1.258821349147516599e+01 9.454113326540000140e-01
1.259822090437361020e+01 9.395331440149999880e-01
1.260822831727205262e+01 9.327973999999999988e-01
1.261823573017049682e+01 9.251894550000000494e-01
1.262824314306893925e+01 9.167072450779999437e-01
1.263825055596738167e+01 9.073585632059999462e-01
1.264825796886582587e+01 8.971626832229999682e-01
1.265826538176426830e+01 8.861517777199999779e-01
1.266827279466271250e+01 8.743693304760000728e-01
1.267828020756115492e+01 8.618696464789999956e-01
1.268828762045959913e+01 8.487200572790000175e-01
1.269829503335804155e+01 8.349979509589999793e-01
1.270830244625648575e+01 8.207882602800000704e-01
1.271830985915492995e+01 8.061859935830000268e-01
1.272831727205337415e+01 7.912937929589999309e-01
1.273832468495181658e+01 7.762185883800000186e-01
1.274833209785025900e+01 7.610725422630000292e-01
1.275833951074870320e+01 7.459679167710000502e-01
1.276834692364714563e+01 7.310198955659999998e-01
1.277835433654558983e+01 7.163392594109999623e-01
1.278836174944403226e+01 7.020377378480000541e-01
1.279836916234247646e+01 6.882166533950000442e-01
1.280837657524091888e+01 6.749733279840000044e-01
1.281838398813936308e+01 6.623963247429999202e-01
1.282839140103780551e+01 6.505643706480001009e-01
1.283839881393624793e+01 6.395424214679998887e-01
1.284840622683469213e+01 6.293866144909999738e-01
1.285841363973313456e+01 6.201365517360000190e-01
1.286842105263157876e+01 6.118190852229999921e-01
1.287842846553002119e+01 6.044486031750000432e-01
1.288843587842846539e+01 5.980211294299999647e-01
1.289844329132690781e+01 5.925207509909999892e-01
1.290845070422535201e+01 5.879220162589999799e-01
1.291845811712379444e+01 5.841802750510001196e-01
1.292846553002223864e+01 5.812441033590000083e-01
1.293847294292068106e+01 5.790487489309998903e-01
1.294848035581912349e+01 5.775259623269999310e-01
1.295848776871756769e+01 5.765961490400000056e-01
1.296849518161601011e+01 5.761753897500000443e-01
1.297850259451445432e+01 5.761779862110000261e-01
1.298851000741289674e+01 5.765154528599998329e-01
1.299851742031134272e+01 5.771027095669999385e-01
1.300852483320978514e+01 5.778545491640000309e-01
1.301853224610822934e+01 5.786906283470001355e-01
1.302853965900667177e+01 5.795366184150001487e-01
1.303854707190511597e+01 5.803258749720001664e-01
1.304855448480355840e+01 5.810009154710000789e-01
1.305856189770200082e+01 5.815107035669999647e-01
1.306856931060044502e+01 5.818176273720000458e-01
1.307857672349888745e+01 5.818940216599999271e-01
1.308858413639733165e+01 5.817206454590000408e-01
1.309859154929577407e+01 5.812901022559999742e-01
1.310859896219421827e+01 5.806061548120000637e-01
1.311860637509266070e+01 5.796801684959999035e-01
1.312861378799110490e+01 5.785340425949998533e-01
1.313862120088954732e+01 5.771969905199998419e-01
1.314862861378798975e+01 5.757036837900000315e-01
1.315863602668643395e+01 5.740927037749999906e-01
1.316864343958487638e+01 5.724093872939999272e-01
1.317865085248332058e+01 5.706982938679999728e-01
1.318865826538176300e+01 5.690057377499999625e-01
1.319866567828020720e+01 5.673767521229999833e-01
1.320867309117864963e+01 5.658547933899999993e-01
1.321868050407709383e+01 5.644775115200000304e-01
1.322868791697553625e+01 5.632788055499999835e-01
1.323869532987398046e+01 5.622880994780000696e-01
1.324870274277242288e+01 5.615269042349999573e-01
1.325871015567086530e+01 5.610079619640000459e-01
1.326871756856930951e+01 5.607392763340001141e-01
1.327872498146775371e+01 5.607193937420000829e-01
1.328873239436619791e+01 5.609412604399999225e-01
1.329873980726464033e+01 5.613857312190000393e-01
1.330874722016308453e+01 5.620332902300000377e-01
1.331875463306152696e+01 5.628546416349999859e-01
1.332876204595997116e+01 5.638166302150000586e-01
1.333876945885841359e+01 5.648806431099999692e-01
1.334877687175685779e+01 5.660082261150000127e-01
1.335878428465530021e+01 5.671568715499999414e-01
1.336879169755374264e+01 5.682852964319999867e-01
1.337879911045218684e+01 5.693507341500000374e-01
1.338880652335062926e+01 5.703177441870002085e-01
1.339881393624907346e+01 5.711501338950000228e-01
1.340882134914751589e+01 5.718144314780000403e-01
1.341882876204596009e+01 5.722888778999999371e-01
1.342883617494440252e+01 5.725510469999999241e-01
1.343884358784284672e+01 5.725885209950000165e-01
1.344885100074128914e+01 5.723944964599998464e-01
1.345885841363973157e+01 5.719713867320000977e-01
1.346886582653817577e+01 5.713238415959999150e-01
1.347887323943661819e+01 5.704681834380000982e-01
1.348888065233506239e+01 5.694229407709999746e-01
1.349888806523350482e+01 5.682162947269999709e-01
1.350889547813194902e+01 5.668752068550000356e-01
1.351890289103039144e+01 5.654344563750000052e-01
1.352891030392883565e+01 5.639308321310000371e-01
1.353891771682727807e+01 5.624017792110000968e-01
1.354892512972572405e+01 5.608858482200000939e-01
1.355893254262416647e+01 5.594191252400000369e-01
1.356893995552260890e+01 5.580367829560000104e-01
1.357894736842105310e+01 5.567709247790000315e-01
1.358895478131949552e+01 5.556501979229999666e-01
1.359896219421793973e+01 5.546957840460000622e-01
1.360896960711638215e+01 5.539281384799998875e-01
1.361897702001482635e+01 5.533563059040000898e-01
1.362898443291326878e+01 5.529865161499999404e-01
1.363899184581171298e+01 5.528168224439999889e-01
1.364899925871015540e+01 5.528413574110000450e-01
1.365900667160859783e+01 5.530456260539999835e-01
1.366901408450704203e+01 5.534104442630000120e-01
1.367902149740548445e+01 5.539126570800000371e-01
1.368902891030392865e+01 5.545238862059999052e-01
1.369903632320237108e+01 5.552106702220001022e-01
1.370904373610081528e+01 5.559420133789999552e-01
1.371905114899925771e+01 5.566826468750001311e-01
1.372905856189770191e+01 5.573971597829998625e-01
1.373906597479614433e+01 5.580518864600000351e-01
1.374907338769458853e+01 5.586160635439998412e-01
1.375908080059303096e+01 5.590593811979999161e-01
1.376908821349147338e+01 5.593579648460000886e-01
1.377909562638991758e+01 5.594922654300000797e-01
1.378910303928836001e+01 5.594478752220000128e-01
1.379911045218680421e+01 5.592152561340000272e-01
1.380911786508524663e+01 5.587917400630000309e-01
1.381912527798369084e+01 5.581813345100000712e-01
1.382913269088213504e+01 5.573934364949999498e-01
1.383914010378057924e+01 5.564416939159999576e-01
1.384914751667902166e+01 5.553475385749999660e-01
1.385915492957746586e+01 5.541349023980000066e-01
1.386916234247590829e+01 5.528339995500000104e-01
1.387916975537435071e+01 5.514733670550000522e-01
1.388917716827279492e+01 5.500878642300000010e-01
1.389918458117123734e+01 5.487108575599999316e-01
1.390919199406968154e+01 5.473770421999999414e-01
1.391919940696812397e+01 5.461178104949999668e-01
1.392920681986656817e+01 5.449642238219999379e-01
1.393921423276501059e+01 5.439417019550000232e-01
1.394922164566345479e+01 5.430743462640001962e-01
1.395922905856189722e+01 5.423801625030000295e-01
1.396923647146033964e+01 5.418703886700000361e-01
1.397924388435878384e+01 5.415528641269999888e-01
1.398925129725722627e+01 5.414298430860000622e-01
1.399925871015567047e+01 5.414937163019999389e-01
1.400926612305411290e+01 5.417358398190000868e-01
1.401927353595255710e+01 5.421388307149999086e-01
1.402928094885099952e+01 5.426817963270000877e-01
1.403928836174944372e+01 5.433404471580000061e-01
1.404929577464788615e+01 5.440860432619999409e-01
1.405930318754633035e+01 5.448859306799999080e-01
1.406931060044477277e+01 5.457093402860000442e-01
1.407931801334321520e+01 5.465216730749999918e-01
1.408932542624165940e+01 5.472926562480000534e-01
1.409933283914010183e+01 5.479887030300000239e-01
1.410934025203854780e+01 5.485835761399999733e-01
1.411934766493699023e+01 5.490510623100000043e-01
1.412935507783543443e+01 5.493718568030000471e-01
1.413936249073387685e+01 5.495292555990000105e-01
1.414936990363232105e+01 5.495149269240000578e-01
1.415937731653076348e+01 5.493228579679998447e-01
1.416938472942920768e+01 5.489540303500000107e-01
1.417939214232765011e+01 5.484180987000000229e-01
1.418939955522609253e+01 5.477273325950000604e-01
1.419940696812453673e+01 5.468990224759999741e-01
1.420941438102297916e+01 5.459556003000001212e-01
1.421942179392142336e+01 5.449247541740001033e-01
1.422942920681986578e+01 5.438346379949998699e-01
1.423943661971830998e+01 5.427198950510001563e-01
1.424944403261675241e+01 5.416120435800000354e-01
1.425945144551519661e+01 5.405420870870001337e-01
1.426945885841363904e+01 5.395435262959999978e-01
1.427946627131208146e+01 5.386470897630000199e-01
1.428947368421052566e+01 5.378780714060000800e-01
1.429948109710896809e+01 5.372609547029999488e-01
1.430948851000741229e+01 5.368130883799999697e-01
1.431949592290585471e+01 5.365473753899998588e-01
1.432950333580429891e+01 5.364733523150000405e-01
1.433951074870274134e+01 5.365914286520000465e-01
1.434951816160118554e+01 5.368986941179998418e-01
1.435952557449962796e+01 5.373835346060000795e-01
1.436953298739807217e+01 5.380341800219999859e-01
1.437954040029651637e+01 5.388269065580000294e-01
1.438954781319495879e+01 5.397375103919999084e-01
1.439955522609340299e+01 5.407389337790000639e-01
1.440956263899184542e+01 5.417995663270001039e-01
1.441957005189028962e+01 5.428858618949999881e-01
1.442957746478873204e+01 5.439668655589999791e-01
1.443958487768717625e+01 5.450081741190000439e-01
1.444959229058561867e+01 5.459775965910000917e-01
1.445959970348406287e+01 5.468469636030000025e-01
1.446960711638250530e+01 5.475899493230000914e-01
1.447961452928094950e+01 5.481852658999999406e-01
1.448962194217939192e+01 5.486173318360000328e-01
1.449962935507783435e+01 5.488732423000000082e-01
1.450963676797627855e+01 5.489482315549999436e-01
1.451964418087472097e+01 5.488424705819999749e-01
1.452965159377316517e+01 5.485636181789999011e-01
1.453965900667160760e+01 5.481234477559999707e-01
1.454966641957005180e+01 5.475396131790000176e-01
1.455967383246849423e+01 5.468355171109999802e-01
1.456968124536693843e+01 5.460349343420001222e-01
1.457968865826538085e+01 5.451709627999999919e-01
1.458969607116382328e+01 5.442735759150000296e-01
1.459970348406226748e+01 5.433779700909999733e-01
1.460971089696070990e+01 5.425177032349999262e-01
1.461971830985915410e+01 5.417249358949999261e-01
1.462972572275759653e+01 5.410313941869999699e-01
1.463973313565604073e+01 5.404645558270000372e-01
1.464974054855448315e+01 5.400493119629998784e-01
1.465974796145292913e+01 5.398040567149998692e-01
1.466975537435137156e+01 5.397451651320002153e-01
1.467976278724981576e+01 5.398794474679999844e-01
1.468977020014825818e+01 5.402108975599999585e-01
1.469977761304670061e+01 5.407360946400001644e-01
1.470978502594514481e+01 5.414436819020000957e-01
1.471979243884358723e+01 5.423197073099998988e-01
1.472979985174203144e+01 5.433429783340000263e-01
1.473980726464047386e+01 5.444883926550000419e-01
1.474981467753891806e+01 5.457278651899999389e-01
1.475982209043736049e+01 5.470262199480000476e-01
1.476982950333580469e+01 5.483517748789999979e-01
1.477983691623424711e+01 5.496686043630000240e-01
1.478984432913269131e+01 5.509426250459998897e-01
1.479985174203113374e+01 5.521402705339999439e-01
1.480985915492957616e+01 5.532308625749999820e-01
1.481986656782802037e+01 5.541855696390001196e-01
1.482987398072646279e+01 5.549831123499999741e-01
1.483988139362490699e+01 5.556044944590000645e-01
1.484988880652334942e+01 5.560361441629999568e-01
1.485989621942179362e+01 5.562727699500000789e-01
1.486990363232023604e+01 5.563149749430000846e-01
1.487991104521868024e+01 5.561694117349998967e-01
1.488991845811712267e+01 5.558455923270000376e-01
1.489992587101556509e+01 5.553663382519999914e-01
1.490993328391400929e+01 5.547513713750000797e-01
1.491994069681245172e+01 5.540306030380000024e-01
1.492994810971089592e+01 5.532342625980000150e-01
1.493995552260934012e+01 5.523983110350000336e-01
1.494996293550778432e+01 5.515576927549999953e-01
1.495997034840622675e+01 5.507484164150000527e-01
1.496997776130467095e+01 5.500069534429999907e-01
1.497998517420311337e+01 5.493643478749999920e-01
1.498999258710155758e+01 5.488535478359999331e-01
1.500000000000000000e+01 5.484994887750000991e-01
